$SPEC_ID:
No sample description was entered.
$SPEC_REM:
DET# 8
DETDESC# Detector #8 - 80% HPGe (Matchmaker MCB 1)
AP# Maestro Version 7.01
$DATE_MEA:
06/11/2025 10:24:15
$MEAS_TIM:
110 166
$DATA:
0 8191
       0
       0
       0
       0
       0
       0
       0
       0
       0
       0
       0
       0
       0
       0
       0
       0
       0
       0
       0
       0
       0
       0
       0
       0
       0
       0
       0
       0
       0
       0
       0
       0
       0
       0
       0
       0
       0
       0
       0
       0
       0
       0
       0
       0
       0
       0
       0
       0
       0
       1
       4
       7
      19
      54
     104
     216
     290
     398
     490
     546
     580
     569
     587
     549
     570
     572
     591
     548
     554
     558
     573
     546
     551
     543
     538
     512
     511
     525
     546
     547
     524
     568
     533
     530
     554
     506
     550
     544
     508
     506
     487
     478
     537
     528
     497
     499
     517
     492
     561
     507
     515
     515
     459
     537
     511
     552
     477
     512
     496
     528
     539
     510
     509
     525
     474
     483
     504
     515
     493
     512
     538
     515
     479
     495
     489
     466
     507
     505
     488
     551
     508
     443
     547
     494
     484
     492
     476
     523
     478
     533
     509
     512
     551
     493
     482
     456
     537
     497
     505
     522
     521
     505
     523
     532
     524
     514
     492
     556
     514
     525
     552
     503
     523
     507
     515
     516
     481
     482
     489
     458
     464
     487
     474
     519
     510
     508
     523
     539
     500
     499
     500
     514
     487
     497
     497
     519
     525
     475
     506
     518
     452
     460
     471
     503
     472
     507
     533
     511
     525
     477
     498
     495
     481
     513
     466
     493
     537
     526
     516
     487
     509
     514
     496
     512
     512
     562
     465
     491
     516
     483
     516
     531
     518
     510
     518
     574
     507
     545
     556
     551
     575
     517
     552
     570
     549
     507
     576
     555
     535
     583
     595
     576
     488
     547
     552
     562
     578
     521
     588
     568
     557
     586
     606
     549
     573
     560
     547
     557
     598
     577
     577
     560
     603
     555
     583
     567
     554
     543
     560
     608
     561
     564
     517
     558
     577
     565
     582
     607
     557
     577
     560
     591
     562
     634
     579
     540
     575
     586
     591
     563
     588
     597
     587
     557
     545
     573
     579
     585
     567
     553
     578
     582
     584
     564
     549
     540
     599
     578
     589
     575
     556
     598
     574
     605
     557
     617
     541
     571
     583
     540
     609
     593
     606
     596
     548
     584
     571
     598
     580
     619
     607
     573
     605
     560
     606
     513
     565
     589
     579
     608
     581
     607
     596
     592
     556
     575
     577
     534
     606
     638
     637
     557
     555
     604
     594
     538
     654
     555
     608
     594
     566
     576
     644
     608
     598
     617
     611
     616
     626
     631
     707
     635
     682
     703
     671
     703
     747
     731
     707
     740
     740
     824
     803
     811
     810
     764
     793
     816
     785
     807
     814
     839
     822
     827
     862
     794
     794
     835
     835
     834
     801
     832
     817
     826
     819
     763
     847
     831
     848
     780
     772
     786
     753
     745
     786
     748
     763
     714
     772
     792
     761
     803
     767
     777
     769
     791
     759
     720
     755
     753
     751
     748
     754
     716
     713
     728
     714
     688
     732
     733
     703
     677
     714
     701
     625
     714
     749
     751
     722
     710
     685
     698
     714
     722
     658
     649
     705
     692
     723
     665
     703
     701
     688
     689
     667
     703
     650
     699
     684
     633
     665
     703
     648
     614
     671
     639
     704
     647
     677
     718
     624
     664
     661
     631
     667
     648
     643
     672
     597
     644
     654
     632
     672
     643
     621
     638
     634
     598
     661
     628
     621
     658
     631
     624
     662
     660
     644
     671
     613
     661
     600
     603
     591
     649
     635
     614
     598
     641
     628
     621
     601
     639
     594
     626
     635
     633
     631
     613
     597
     642
     566
     614
     575
     613
     642
     584
     637
     604
     602
     572
     558
     587
     609
     567
     587
     607
     588
     597
     565
     571
     608
     593
     633
     614
     601
     586
     624
     529
     610
     580
     640
     550
     559
     557
     577
     598
     555
     576
     564
     591
     612
     603
     587
     565
     566
     597
     605
     543
     570
     554
     554
     545
     565
     577
     554
     576
     547
     618
     572
     593
     570
     579
     569
     472
     526
     589
     567
     586
     515
     570
     588
     567
     546
     553
     563
     574
     572
     568
     540
     573
     560
     550
     572
     528
     593
     565
     581
     531
     575
     558
     581
     554
     552
     567
     564
     583
     536
     544
     598
     596
     549
     588
     570
     548
     559
     545
     578
     540
     560
     592
     576
     524
     566
     528
     542
     552
     568
     551
     602
     568
     557
     597
     534
     529
     526
     545
     521
     561
     565
     572
     523
     526
     553
     541
     560
     619
     629
     556
     546
     544
     554
     569
     564
     590
     536
     560
     542
     529
     515
     563
     556
     517
     552
     567
     532
     598
     549
     538
     562
     536
     526
     577
     539
     542
     548
     580
     527
     549
     568
     553
     538
     561
     530
     593
     615
     555
     544
     553
     519
     539
     549
     551
     584
     556
     542
     556
     553
     539
     567
     545
     568
     603
     594
     605
     579
     541
     606
     554
     529
     530
     561
     560
     553
     536
     558
     579
     571
     617
     560
     576
     557
     597
     551
     562
     581
     582
     558
     567
     543
     582
     627
     587
     573
     598
     574
     612
     588
     565
     592
     579
     557
     548
     605
     618
     563
     600
     541
     542
     563
     567
     556
     569
     558
     603
     570
     580
     561
     568
     584
     610
     574
     585
     576
     560
     614
     572
     568
     628
     579
     603
     602
     593
     623
     578
     620
     605
     639
     584
     605
     612
     569
     588
     616
     607
     645
     615
     613
     607
     629
     594
     656
     612
     606
     605
     610
     622
     597
     637
     608
     633
     593
     589
     656
     646
     641
     671
     585
     608
     597
     650
     624
     617
     604
     639
     655
     671
     629
     681
     647
     627
     626
     657
     643
     627
     677
     676
     629
     639
     637
     630
     656
     642
     680
     701
     697
     655
     677
     728
     642
     677
     638
     681
     724
     671
     625
     703
     672
     698
     698
     691
     722
     644
     676
     705
     646
     672
     699
     685
     716
     694
     735
     667
     743
     769
     701
     726
     769
     682
     710
     793
     745
     660
     745
     686
     710
     722
     754
     752
     723
     760
     754
     759
     759
     760
     786
     766
     799
     756
     785
     767
     769
     795
     796
     790
     834
     753
     784
     734
     800
     786
     734
     823
     845
     812
     808
     785
     779
     834
     863
     848
     892
     826
     861
     793
     823
     769
     828
     805
     875
     874
     781
     828
     890
     905
     824
     891
     898
     888
     862
     849
     817
     862
     834
     806
     849
     887
     892
     872
     860
     876
     835
     884
     765
     819
     776
     757
     770
     722
     737
     698
     630
     648
     622
     685
     650
     625
     634
     585
     623
     608
     588
     540
     586
     581
     539
     530
     527
     569
     541
     507
     524
     586
     506
     495
     526
     548
     501
     540
     541
     501
     468
     465
     491
     490
     521
     479
     467
     479
     483
     462
     493
     500
     474
     475
     480
     486
     460
     435
     404
     466
     429
     406
     442
     462
     445
     420
     435
     406
     476
     425
     426
     382
     441
     416
     407
     409
     385
     426
     449
     369
     381
     388
     377
     359
     364
     394
     375
     380
     383
     369
     396
     377
     360
     349
     386
     350
     362
     329
     309
     375
     355
     363
     326
     361
     346
     368
     348
     348
     317
     327
     339
     309
     303
     335
     288
     303
     331
     336
     301
     299
     313
     311
     329
     292
     305
     311
     301
     305
     304
     335
     291
     292
     311
     277
     323
     290
     281
     245
     261
     269
     271
     271
     270
     280
     276
     282
     233
     257
     303
     259
     249
     246
     243
     276
     231
     236
     259
     237
     253
     238
     269
     278
     257
     226
     243
     228
     242
     230
     245
     227
     204
     225
     237
     233
     229
     243
     233
     222
     235
     207
     207
     239
     219
     223
     251
     211
     213
     222
     218
     246
     221
     198
     239
     229
     207
     237
     213
     225
     212
     217
     196
     203
     211
     211
     187
     214
     214
     205
     225
     205
     206
     216
     222
     203
     204
     184
     198
     208
     230
     228
     194
     228
     218
     201
     208
     213
     181
     190
     201
     169
     202
     199
     197
     215
     214
     184
     204
     200
     187
     227
     214
     193
     187
     209
     172
     207
     186
     203
     200
     212
     226
     188
     201
     209
     183
     177
     195
     185
     172
     193
     198
     195
     201
     186
     191
     171
     181
     207
     169
     183
     174
     206
     190
     197
     174
     180
     156
     182
     188
     192
     209
     176
     169
     187
     191
     188
     168
     177
     178
     194
     169
     172
     188
     179
     166
     187
     179
     180
     177
     163
     189
     186
     154
     163
     197
     188
     172
     163
     148
     188
     168
     165
     170
     201
     162
     179
     164
     181
     165
     198
     156
     153
     172
     171
     170
     160
     166
     165
     161
     170
     143
     164
     186
     169
     162
     132
     154
     176
     157
     197
     186
     150
     173
     166
     172
     170
     165
     174
     178
     180
     171
     178
     172
     174
     147
     159
     153
     169
     150
     180
     180
     174
     181
     215
     216
     301
     424
     665
    1028
    1654
    2667
    4069
    6023
    8882
   12827
   18488
   25684
   31604
   34558
   33194
   27739
   20814
   13668
    8426
    4738
    2586
    1423
     869
     610
     488
     435
     379
     393
     374
     355
     337
     342
     299
     308
     290
     296
     287
     283
     294
     279
     277
     269
     248
     253
     244
     249
     245
     257
     236
     244
     209
     170
     243
     231
     237
     227
     192
     210
     188
     196
     208
     202
     210
     195
     208
     189
     190
     180
     174
     189
     180
     209
     183
     164
     160
     145
     181
     168
     182
     162
     178
     177
     149
     180
     176
     172
     165
     168
     133
     165
     161
     165
     158
     174
     171
     162
     157
     150
     150
     163
     158
     157
     139
     145
     134
     147
     153
     161
     143
     127
     127
     150
     147
     138
     133
     134
     116
     136
     138
     144
     124
     141
     110
     142
     161
     128
     131
     150
     132
     122
     153
     114
     126
     144
     125
     109
     112
     113
     110
     111
     114
     122
     116
     124
     139
     118
     137
     112
     130
     132
     123
     122
     133
     144
     131
     134
     137
     123
     142
     127
     122
     119
     120
     107
     129
     128
     135
     117
     123
     114
     114
     105
     129
     128
     120
     127
     116
     124
     110
     127
     119
     102
     110
     129
     115
     102
      93
     129
     108
     109
     123
     121
     118
     121
     108
     117
     106
     101
     104
     133
     114
     119
     117
     107
     109
     115
     109
      94
     122
     125
     102
     122
     112
     108
     110
     110
     106
      95
     112
     111
     104
     121
     109
      98
     101
     102
     123
     101
      99
      98
     119
      90
     116
      91
     115
     102
     117
      84
     118
     107
      92
     106
     102
     105
     116
     101
     104
      95
      88
      94
      89
      97
      99
     100
      88
     103
     105
      93
     101
     120
     104
      96
     102
      99
     123
      99
      89
      93
      98
      92
      92
     100
      95
      90
      98
      98
      96
      83
     101
      84
     106
      94
      80
      96
     103
      85
      88
      91
      99
     109
      94
      97
      97
      92
      94
      97
      70
     104
      85
      87
     111
     111
      81
      96
      88
      85
      89
      93
     100
      86
      90
      78
      74
      90
      88
      73
      92
     110
     102
      85
      74
      86
      93
      78
      85
      81
      87
      91
      77
      78
      71
      75
      88
      88
      68
      83
      77
      61
      91
      84
      77
      69
      77
      77
      95
      70
      91
     100
      79
      83
      67
      92
      85
      74
      67
      92
      95
      80
      82
      92
      77
      85
      76
      99
      71
      62
      87
      82
      78
      74
      81
      66
      82
      66
      78
      77
      87
      86
      80
      92
      82
      87
      71
      89
      73
      87
      67
      76
      79
      83
      80
      71
      87
      84
      80
      53
      70
      66
      89
      74
      69
      67
      75
      81
      64
      70
      90
      80
      64
      73
      73
      87
      67
      63
      69
      74
      79
      66
      80
      57
      58
      64
      80
      76
      71
      65
      73
      65
      78
      71
      75
      69
      90
      62
      71
      68
      87
      60
      85
      68
      69
      65
      75
      74
      70
      68
      68
      64
      78
      64
      55
      61
      74
      60
      75
      55
      61
      65
      56
      76
      62
      54
      85
      68
      70
      61
      57
      75
      66
      57
      70
      56
      64
      64
      57
      70
      53
      56
      72
      67
      74
      59
      67
      52
      67
      61
      57
      57
      60
      68
      68
      51
      52
      59
      55
      66
      58
      59
      63
      63
      70
      70
      55
      73
      64
      66
      58
      72
      55
      56
      52
      60
      62
      61
      55
      52
      45
      50
      57
      48
      63
      70
      66
      64
      54
      64
      57
      50
      59
      57
      55
      49
      64
      60
      52
      59
      46
      45
      63
      60
      59
      50
      57
      58
      58
      61
      52
      56
      52
      55
      52
      52
      65
      54
      57
      52
      47
      53
      67
      59
      62
      60
      53
      54
      45
      45
      63
      51
      55
      56
      53
      43
      58
      55
      51
      51
      55
      48
      63
      53
      56
      55
      48
      52
      37
      50
      55
      45
      56
      41
      48
      47
      55
      40
      65
      47
      51
      48
      49
      51
      54
      59
      51
      51
      57
      56
      53
      50
      56
      38
      50
      42
      52
      49
      34
      55
      51
      46
      49
      52
      50
      52
      50
      45
      60
      39
      39
      51
      62
      56
      47
      58
      59
      52
      44
      53
      55
      45
      48
      46
      53
      55
      55
      42
      43
      53
      44
      40
      43
      57
      47
      42
      42
      53
      47
      53
      48
      53
      46
      44
      45
      41
      51
      55
      57
      44
      51
      46
      41
      40
      44
      58
      53
      45
      42
      39
      52
      42
      59
      33
      46
      48
      32
      37
      39
      39
      57
      43
      48
      52
      48
      41
      49
      39
      63
      48
      44
      47
      50
      46
      47
      39
      34
      38
      51
      43
      51
      61
      54
      34
      42
      39
      45
      38
      46
      47
      41
      43
      49
      43
      47
      47
      35
      63
      49
      42
      44
      45
      51
      27
      43
      37
      39
      37
      40
      47
      44
      38
      47
      47
      35
      43
      56
      46
      44
      37
      40
      35
      41
      38
      53
      55
      30
      49
      40
      40
      44
      39
      40
      42
      55
      25
      49
      51
      56
      53
      39
      30
      35
      34
      38
      42
      46
      53
      27
      40
      47
      36
      39
      25
      43
      50
      42
      52
      42
      45
      37
      37
      41
      44
      47
      33
      42
      51
      37
      37
      42
      33
      41
      43
      43
      44
      53
      24
      38
      39
      44
      33
      40
      41
      26
      36
      36
      33
      40
      37
      37
      42
      42
      35
      43
      43
      38
      40
      45
      35
      42
      36
      42
      25
      40
      46
      40
      40
      42
      39
      36
      43
      40
      47
      51
      51
      37
      29
      39
      39
      44
      33
      43
      30
      48
      34
      33
      53
      30
      53
      36
      45
      37
      44
      31
      42
      46
      34
      44
      29
      35
      32
      41
      37
      42
      40
      42
      36
      33
      46
      36
      38
      36
      32
      39
      31
      46
      38
      29
      46
      34
      40
      32
      37
      46
      39
      30
      32
      34
      33
      30
      34
      35
      46
      49
      39
      30
      35
      31
      40
      38
      30
      22
      27
      37
      37
      32
      46
      33
      40
      43
      39
      36
      35
      33
      41
      40
      32
      40
      38
      33
      32
      31
      36
      32
      29
      29
      38
      24
      29
      35
      29
      21
      39
      27
      27
      30
      32
      42
      34
      38
      27
      31
      35
      38
      40
      23
      40
      22
      29
      24
      33
      42
      32
      22
      24
      24
      24
      32
      28
      30
      32
      31
      30
      26
      33
      31
      24
      24
      31
      22
      28
      22
      33
      35
      31
      22
      26
      19
      26
      27
      24
      21
      40
      22
      24
      33
      30
      28
      35
      24
      25
      26
      23
      26
      26
      26
      27
      23
      16
      19
      17
      35
      16
      18
      19
      23
      24
      21
      26
      27
      22
      28
      21
      17
      27
      34
      19
      33
      22
      35
      21
      27
      19
      29
      25
      25
      27
      21
      20
      22
      25
      20
      17
      19
      26
      25
      33
      22
      23
      16
      22
      27
      29
      32
      19
      11
      20
      31
      23
      26
      30
      22
      25
      21
      25
      21
      15
      23
      18
      17
      22
      30
      16
      28
      33
      15
      24
      27
      20
      20
      24
      20
      25
      19
      19
      27
      25
      30
      25
      22
      23
      18
      16
      17
      21
      21
      21
      21
      25
      26
      21
      21
      28
      21
      24
      23
      17
      18
      21
      25
      18
      18
      15
      30
      31
      25
      21
      27
      30
      25
      31
      18
      15
      17
      21
      18
      28
      28
      18
      18
      25
      28
      21
      18
      26
      26
      23
      25
      21
      33
      16
      20
      17
      17
      19
      17
      21
      19
      21
      25
      16
      19
      19
      20
      14
      20
      27
      17
      15
      22
      22
      17
      15
      27
      23
      22
      24
      20
      21
      24
      25
      25
      22
      26
      16
      20
      24
      23
      19
      22
      25
      21
      29
      22
      19
      21
      18
      28
      22
      19
      24
      30
      23
      17
      29
      26
      20
      20
      29
      19
      16
      17
      12
      22
      18
      22
      23
      25
      27
      20
      26
      17
      22
      22
      15
      20
      13
      25
      36
      21
      21
      20
      14
      18
      20
      15
      21
      26
      17
      18
      13
      19
      20
      24
      23
      21
      18
      28
      16
      25
      18
      23
      22
      37
      30
      18
      24
      26
      22
      28
      29
      30
      25
      20
      18
      24
      22
      18
      18
      18
      32
      38
      19
      25
      20
      21
      26
      21
      28
      24
      29
      20
      18
      29
      16
      29
      19
      33
      22
      24
      28
      29
      24
      22
      22
      21
      14
      25
      25
      23
      32
      21
      14
      23
      23
      34
      21
      23
      29
      26
      19
      35
      30
      26
      33
      29
      28
      17
      28
      27
      38
      26
      33
      27
      35
      30
      34
      31
      36
      26
      40
      37
      33
      19
      41
      31
      48
      29
      40
      37
      47
      36
      43
      44
      47
      54
      40
      54
      49
      58
      66
      62
      66
      75
      74
      57
      94
      72
      79
      51
      31
      25
      27
      11
      17
      11
       6
       4
       8
      10
      10
       3
       5
      17
       9
       7
       4
       7
      12
       7
       7
       2
       6
       4
       7
      11
      12
       6
       5
       6
       8
       4
      10
       5
       4
       5
       6
       4
       7
       3
       5
       2
       6
       5
       4
       8
       4
       5
       7
       7
       3
       6
       8
       4
      10
       6
      13
       5
       6
       5
       6
       4
       1
       2
       7
       5
       4
       1
       2
       4
       6
       6
       7
       8
       7
       3
       4
       7
      11
       4
       5
       2
       4
       9
       8
       5
       9
       3
       4
       7
       3
      10
       2
       5
       4
       2
       8
       5
       2
       9
       4
       6
       5
       6
       4
       8
       2
       9
       5
       7
       3
       3
       5
       5
       5
       4
       1
      10
       2
      10
       7
       5
       4
       5
       5
       7
       6
       2
       3
       5
       4
       4
       2
       8
       3
       3
       5
       6
       4
       4
       8
       3
       5
       3
       4
       7
      10
       5
       9
       5
       5
       6
      13
       5
       7
       4
       2
       9
       5
       3
       4
       1
       2
       2
       4
       3
       7
       4
       2
       5
       5
       2
       4
       6
       3
       6
       5
       5
       4
       5
       3
       3
       2
       2
       8
       7
       5
       4
       1
       3
       3
       6
       3
       3
       7
       4
       6
       7
       1
       6
       5
       3
       8
       5
       7
       8
       6
       7
       7
       4
      11
      11
      10
      10
       6
       2
       4
       5
       5
       5
      11
       7
       4
       2
       4
       7
       5
       6
       6
       5
       3
       1
       3
       6
       6
       6
       3
       3
       3
       1
      10
       6
       9
       7
       9
       6
      14
       8
      11
       7
       5
       4
       3
       3
       6
       5
       4
       3
       4
       5
       7
       3
       2
       2
       4
       4
       5
       6
       5
       2
       6
      10
       8
       6
       4
       5
       8
       5
       5
       6
       5
       6
      11
      10
       3
       6
       6
      10
       3
       9
       6
       6
       3
       6
       7
       9
       3
       4
       6
       4
       6
      10
       8
      14
       9
       5
      10
       8
      11
       8
      11
       8
       5
       9
       9
       8
       5
       9
       4
       4
       2
       3
       5
       7
       5
       2
       1
       5
       5
       7
       3
       2
       7
       3
       7
       5
      14
       8
      15
       7
      10
       7
      10
       9
      15
      10
       9
      12
       8
       7
      17
       8
      10
      12
      14
      13
      12
       7
      23
       8
      12
       5
      24
      11
      26
      13
      32
      30
      32
      20
      55
      28
      47
      20
      70
      34
      63
      12
      47
      19
      35
       4
      21
       8
      15
      10
      19
      12
      11
      10
      33
      13
      31
      15
      53
      26
      60
      21
      71
      50
     119
      43
     154
     101
     221
      78
     185
      92
     141
      44
      82
      30
      90
      29
     133
     106
     141
      71
     192
     137
     199
      82
     210
     184
     197
     102
     190
     115
     171
      55
     100
     101
     140
      46
     136
      80
     145
      61
     193
     169
     233
      83
     276
     132
     231
      71
     135
     103
     117
      52
     133
      71
     134
      23
      52
      80
      73
     103
     357
     371
     507
     299
     587
     536
     624
     353
     672
     603
     716
     459
     700
     674
     831
     444
     455
     350
     375
     156
     291
     248
     309
     177
     359
     296
     298
     192
     336
     362
     393
     226
     385
     355
     333
     230
     312
     302
     278
     239
     277
     337
     306
     204
     356
     393
     377
     274
     302
     267
     292
     173
     250
     274
     268
     188
     243
     260
     263
     134
     221
     219
     206
     249
     546
     646
     391
     605
     965
     999
     824
    1002
    1046
    1180
     762
     949
     775
    1004
     665
     774
     601
     737
     682
     773
     365
     401
     381
     313
     284
     266
     279
     261
     419
     504
     374
     607
     662
     800
     519
     598
     621
     685
     538
     792
     725
     837
     575
     922
     722
     812
     597
     584
     284
     358
     286
     347
     359
     387
     313
     420
     360
     458
     369
     348
     187
     207
     150
     276
     349
     310
     342
     472
     602
     542
     447
     714
     517
     488
     357
     696
     508
     483
     396
     518
     437
     505
     354
     561
     334
     389
     400
     591
     391
     378
     328
     482
     303
     330
     277
     499
     466
     399
     501
     666
     528
     421
     473
     578
     385
     374
     420
     483
     349
     336
     400
     334
     168
     179
     182
     272
     160
     153
     175
     223
     168
     183
     167
     264
     154
     191
     160
     191
     129
     156
     134
     192
     142
     124
     183
     230
     157
     162
     174
     305
     214
     204
     272
     285
     266
     210
     247
     296
     156
     116
     174
     227
     131
     133
     207
     229
     107
      79
     117
     162
     123
     103
     181
     149
     133
      89
     187
     175
     119
     100
     203
     150
     131
      99
     174
      79
      37
      31
      36
      63
      35
      29
      44
      40
      47
      34
      67
      70
      55
      54
     110
      82
      89
      61
     109
      71
      38
      23
      49
      63
      50
      40
      71
      58
      54
      42
      88
      55
      35
      28
      64
      56
      37
      32
      54
      42
      23
      22
      27
      40
      25
      15
      37
      37
      23
      19
      47
      30
      14
      11
      29
      21
      17
      12
      32
      13
      21
      23
      34
      21
       8
      12
      14
      19
       9
       8
      13
      19
      11
       6
      12
      14
       5
       8
      16
      16
      13
      14
      18
      12
       9
      19
      15
      12
       6
       7
       9
       6
       9
      13
      12
       6
       7
       6
      11
       7
       9
       2
      14
       9
       7
       2
       5
       7
       5
       4
       6
       8
       2
       6
       4
       3
       0
       3
       6
       4
       3
       4
       6
       3
       0
       4
       4
       5
       0
       1
       5
       1
       4
       2
       2
       3
       3
       3
       2
       3
       0
       4
       0
       4
       0
       5
       3
       3
       4
       1
       7
       3
       3
       5
       2
       3
       1
       4
       2
       4
       3
       3
       4
       1
       3
       0
       4
       2
       3
       4
       4
       2
       2
       2
       1
       2
       1
       0
       2
       1
       3
       1
       1
       2
       3
       1
       0
       4
       0
       5
       5
       4
       0
       0
       3
       3
       2
       2
       4
       3
       3
       3
       2
       0
       2
       1
       4
       4
       2
       5
       1
       4
       2
       1
       1
       2
       3
       3
       3
       5
       2
       4
       3
       3
       2
       4
       3
       0
       0
       2
       3
       0
       0
       3
       3
       3
       3
       1
       6
       2
       1
       4
       1
       0
       1
       2
       5
       1
       3
       0
       1
       2
       1
       1
       1
       1
       2
       2
       0
       1
       1
       1
       0
       1
       0
       0
       2
       0
       1
       1
       0
       1
       2
       2
       2
       0
       0
       1
       0
       0
       3
       2
       2
       1
       3
       2
       2
       4
       6
       1
       0
       2
       2
       4
       0
       0
       1
       1
       1
       1
       1
       1
       3
       1
       1
       3
       0
       4
       2
       3
       3
       0
       2
       1
       4
       1
       2
       5
       3
       3
       2
       3
       0
       1
       3
       0
       1
       0
       1
       1
       2
       2
       0
       2
       1
       1
       1
       3
       2
       2
       2
       2
       3
       1
       3
       0
       2
       3
       2
       0
       3
       4
       2
       3
       1
       1
       2
       0
       2
       1
       0
       2
       0
       0
       1
       1
       2
       1
       0
       2
       1
       3
       2
       2
       3
       1
       3
       3
       4
       4
       4
       1
       0
       1
       1
       3
       1
       1
       2
       1
       0
       0
       1
       2
       0
       1
       3
       1
       3
       0
       0
       1
       2
       0
       1
       1
       1
       5
       2
       1
       4
       2
       1
       1
       1
       1
       4
       3
       1
       0
       2
       0
       0
       0
       4
       2
       3
       0
       3
       1
       0
       2
       2
       0
       2
       2
       4
       2
       1
       2
       0
       2
       4
       0
       3
       0
       7
       2
       2
       0
       2
       1
       1
       0
       0
       1
       2
       1
       5
       1
       0
       1
       1
       3
       1
       1
       2
       0
       2
       2
       1
       2
       1
       5
       4
       1
       3
       2
       2
       1
       2
       0
       1
       4
       3
       0
       1
       0
       0
       2
       2
       3
       0
       1
       4
       2
       1
       2
       1
       5
       6
       2
       1
       1
       4
       2
       4
       4
       2
       1
       2
       2
       0
       0
       0
       2
       2
       1
       0
       1
       0
       0
       0
       0
       3
       1
       1
       0
       2
       0
       0
       1
       0
       0
       2
       2
       1
       3
       2
       3
       3
       0
       1
       1
       6
       1
       1
       0
       1
       1
       2
       2
       0
       1
       2
       0
       0
       3
       3
       2
       4
       2
       0
       1
       3
       3
       0
       2
       1
       2
       2
       3
       0
       2
       0
       3
       1
       1
       2
       1
       4
       0
       2
       0
       0
       0
       3
       2
       0
       0
       2
       1
       2
       0
       2
       2
       1
       3
       0
       2
       1
       1
       3
       0
       1
       2
       3
       0
       2
       3
       3
       1
       1
       3
       1
       3
       0
       3
       2
       1
       1
       2
       0
       0
       0
       1
       0
       0
       3
       1
       2
       3
       1
       2
       1
       1
       2
       2
       2
       2
       0
       0
       1
       2
       0
       3
       1
       0
       1
       0
       1
       0
       1
       1
       0
       0
       0
       1
       1
       1
       3
       1
       2
       1
       1
       1
       0
       1
       6
       4
       2
       0
       2
       2
       1
       0
       1
       3
       4
       1
       3
       1
       1
       2
       3
       3
       3
       2
       4
       4
       0
       1
       0
       1
       2
       2
       1
       1
       3
       1
       2
       0
       1
       0
       1
       1
       0
       1
       2
       0
       0
       0
       3
       0
       1
       1
       0
       1
       1
       2
       0
       0
       1
       1
       3
       1
       4
       1
       0
       1
       2
       4
       4
       4
       1
       2
       2
       2
       0
       3
       4
       1
       3
       3
       2
       2
       0
       3
       1
       2
       1
       1
       3
       2
       2
       1
       3
       2
       1
       1
       1
       3
       1
       2
       0
       1
       1
       2
       2
       1
       0
       2
       0
       1
       1
       1
       1
       0
       3
       1
       1
       1
       0
       0
       1
       0
       2
       1
       3
       4
       0
       1
       0
       1
       3
       3
       2
       2
       2
       2
       0
       5
       1
       2
       1
       0
       3
       2
       3
       0
       2
       0
       1
       3
       1
       2
       1
       3
       1
       1
       1
       2
       1
       1
       0
       2
       4
       1
       1
       0
       0
       2
       0
       0
       0
       0
       2
       0
       1
       1
       0
       0
       1
       1
       0
       1
       0
       1
       0
       4
       3
       1
       3
       3
       2
       3
       0
       1
       2
       0
       1
       1
       0
       2
       0
       0
       0
       3
       1
       2
       1
       2
       1
       2
       3
       1
       0
       0
       0
       2
       1
       1
       2
       0
       0
       1
       2
       0
       1
       0
       0
       1
       1
       2
       1
       5
       1
       0
       1
       2
       1
       0
       0
       0
       1
       0
       1
       1
       0
       0
       1
       1
       0
       0
       1
       4
       1
       1
       1
       1
       2
       1
       0
       2
       0
       0
       1
       0
       1
       3
       1
       3
       0
       0
       0
       2
       2
       1
       0
       1
       0
       1
       0
       0
       2
       2
       0
       1
       0
       1
       1
       0
       0
       2
       1
       1
       1
       1
       1
       2
       1
       0
       0
       1
       1
       0
       2
       1
       0
       1
       1
       1
       0
       1
       1
       0
       1
       0
       0
       0
       0
       2
       0
       0
       0
       2
       2
       1
       2
       0
       1
       2
       0
       1
       0
       0
       1
       0
       1
       0
       0
       0
       0
       0
       1
       0
       0
       1
       0
       0
       0
       1
       0
       1
       0
       0
       0
       0
       0
       0
       0
       0
       0
       1
       0
       0
       0
       0
       0
       0
       0
       0
       1
       0
       0
       0
       0
       0
       1
       1
       0
       0
       0
       1
       1
       0
       0
       0
       0
       0
       0
       0
       0
       0
       0
       0
       0
       0
       0
       0
       1
       0
       0
       0
       0
       0
       0
       0
       0
       0
       1
       0
       0
       0
       0
       0
       1
       0
       0
       0
       0
       0
       0
       1
       0
       0
       0
       0
       0
       0
       1
       1
       0
       0
       1
       0
       0
       0
       0
       0
       0
       0
       0
       1
       0
       0
       0
       0
       0
       0
       0
       1
       0
       0
       0
       0
       0
       1
       0
       0
       0
       0
       0
       0
       0
       0
       1
       0
       0
       0
       0
       0
       0
       0
       0
       0
       0
       0
       0
       0
       0
       1
       0
       0
       0
       0
       0
       1
       0
       0
       0
       0
       0
       0
       0
       0
       0
       0
       0
       0
       0
       0
       0
       0
       0
       0
       1
       0
       0
       1
       0
       0
       1
       0
       0
       1
       0
       0
       0
       0
       0
       0
       0
       1
       0
       0
       0
       0
       0
       0
       0
       0
       0
       0
       0
       0
       0
       0
       0
       0
       0
       0
       0
       0
       0
       0
       0
       0
       0
       0
       0
       0
       0
       0
       0
       0
       0
       0
       0
       0
       0
       0
       0
       0
       0
       0
       0
       0
       0
       0
       1
       0
       0
       0
       0
       0
       0
       0
       0
       0
       0
       0
       0
       0
       0
       0
       0
       0
       0
       0
       0
       0
       0
       0
       0
       0
       0
       0
       0
       0
       1
       0
       0
       0
       0
       0
       0
       0
       0
       0
       0
       0
       0
       0
       0
       0
       0
       0
       0
       0
       0
       0
       0
       0
       0
       0
       1
       0
       0
       0
       0
       0
       0
       0
       0
       0
       0
       0
       0
       0
       0
       0
       0
       0
       0
       0
       0
       0
       0
       0
       1
       0
       0
       0
       0
       1
       0
       0
       0
       0
       0
       0
       0
       0
       0
       0
       0
       0
       0
       0
       0
       0
       0
       0
       0
       1
       0
       0
       0
       1
       0
       0
       0
       1
       0
       0
       0
       0
       0
       0
       0
       1
       0
       0
       0
       0
       0
       0
       0
       0
       0
       0
       0
       0
       0
       0
       0
       0
       0
       0
       0
       0
       0
       0
       0
       0
       0
       0
       0
       0
       0
       0
       0
       0
       0
       0
       0
       0
       0
       0
       0
       0
       0
       0
       0
       0
       0
       0
       0
       0
       0
       0
       0
       0
       0
       0
       0
       0
       0
       0
       0
       0
       0
       0
       0
       0
       0
       0
       1
       0
       0
       0
       0
       0
       0
       0
       0
       0
       0
       0
       0
       0
       0
       0
       0
       0
       0
       0
       0
       0
       0
       0
       0
       0
       0
       0
       0
       0
       0
       0
       0
       0
       0
       0
       0
       0
       0
       0
       0
       0
       0
       0
       0
       1
       0
       0
       0
       0
       0
       0
       0
       0
       0
       0
       0
       0
       0
       0
       0
       0
       0
       0
       0
       0
       0
       0
       0
       0
       0
       0
       0
       0
       0
       0
       0
       0
       0
       0
       0
       0
       0
       0
       0
       0
       0
       0
       0
       0
       0
       0
       0
       0
       0
       0
       0
       0
       0
       0
       0
       0
       0
       1
       0
       0
       0
       0
       0
       0
       0
       0
       0
       0
       0
       0
       0
       0
       0
       0
       0
       0
       1
       0
       0
       0
       0
       0
       0
       0
       0
       0
       0
       0
       0
       0
       0
       1
       0
       0
       0
       1
       0
       0
       0
       0
       0
       0
       0
       0
       0
       0
       0
       0
       0
       0
       0
       0
       0
       1
       0
       0
       0
       0
       0
       0
       0
       0
       0
       0
       0
       0
       0
       0
       0
       0
       0
       0
       0
       0
       0
       0
       0
       0
       1
       0
       1
       0
       0
       0
       0
       0
       0
       0
       0
       0
       0
       0
       0
       0
       0
       0
       1
       0
       0
       0
       0
       0
       0
       2
       0
       0
       0
       0
       0
       0
       0
       0
       0
       0
       0
       1
       0
       0
       0
       0
       0
       0
       0
       0
       1
       0
       0
       1
       0
       0
       0
       0
       0
       0
       0
       0
       0
       0
       0
       0
       0
       0
       0
       0
       0
       0
       0
       0
       0
       0
       0
       0
       0
       0
       0
       0
       0
       0
       0
       0
       0
       0
       0
       0
       0
       0
       0
       0
       0
       0
       0
       0
       1
       0
       0
       0
       0
       0
       0
       0
       0
       0
       0
       0
       0
       0
       0
       0
       0
       1
       0
       0
       0
       1
       0
       0
       1
       1
       0
       0
       0
       1
       0
       0
       0
       0
       0
       0
       1
       0
       0
       1
       0
       0
       1
       0
       0
       0
       0
       0
       1
       0
       0
       0
       0
       0
       0
       0
       0
       0
       0
       0
       0
       0
       0
       0
       0
       0
       0
       0
       0
       0
       0
       0
       1
       0
       0
       0
       0
       0
       0
       0
       0
       0
       0
       0
       0
       0
       0
       0
       0
       0
       0
       0
       0
       0
       0
       0
       0
       0
       0
       0
       0
       0
       0
       0
       0
       0
       0
       0
       0
       0
       0
       0
       0
       0
       0
       1
       0
       0
       0
       0
       0
       0
       0
       0
       0
       0
       0
       0
       0
       0
       0
       0
       0
       0
       0
       0
       0
       0
       0
       0
       0
       0
       0
       0
       0
       0
       0
       0
       0
       0
       1
       0
       0
       0
       0
       0
       0
       0
       0
       0
       0
       0
       0
       0
       0
       0
       0
       0
       0
       0
       0
       0
       0
       1
       0
       0
       0
       0
       0
       0
       0
       0
       0
       0
       1
       0
       0
       0
       0
       0
       0
       0
       0
       0
       1
       0
       0
       0
       1
       0
       0
       0
       1
       1
       0
       1
       0
       0
       0
       0
       0
       0
       0
       0
       0
       0
       0
       0
       0
       0
       0
       0
       1
       0
       0
       0
       0
       0
       0
       0
       0
       0
       0
       0
       0
       0
       0
       0
       0
       0
       1
       0
       0
       0
       1
       0
       1
       0
       1
       1
       0
       0
       0
       0
       1
       0
       0
       0
       1
       0
       1
       0
       0
       0
       0
       0
       0
       0
       0
       0
       0
       0
       2
       0
       1
       0
       1
       0
       0
       0
       0
       1
       0
       1
       1
       0
       2
       0
       3
       1
       0
       0
       0
       0
       1
       0
       0
       0
       0
       0
       0
       0
       1
       0
       0
       3
       2
       2
       2
       0
       2
       1
       1
       3
       4
       0
       2
       3
       3
       2
       0
       0
       1
       0
       1
       0
       1
       1
       0
       0
       3
       0
       0
       1
       0
       1
       2
       4
       3
       2
       0
       1
       3
       0
       4
       2
       2
       2
       1
       4
       3
       1
       4
       1
       0
       0
       1
       1
       0
       1
       1
       1
       1
       0
       1
       1
       0
       0
       0
       0
       2
       3
       6
       5
       3
       4
      10
       5
      10
       3
       4
       6
      10
       4
       5
       7
       2
       0
       1
       1
       1
       1
       6
       1
       3
       0
       2
       6
       2
       3
       4
       3
       6
       2
       8
       6
       3
       7
       8
       5
       5
       3
       5
       5
       6
       4
       3
       2
       0
       1
       1
       1
       0
       0
       3
       2
       3
       1
       1
       1
       1
       1
       4
       3
       8
       4
      12
       8
      12
       4
       5
       7
       7
       2
      13
      10
       9
       5
      10
       8
       7
       4
       6
       3
       5
       3
       3
       4
       2
       4
       7
       4
       2
       9
      11
      10
      12
       9
       8
      10
       9
      12
      13
      16
      13
       9
      13
      11
       4
       9
       3
       5
       5
       3
       0
       3
       3
       1
       5
       0
       2
       3
       3
       2
       4
       3
       9
      10
       7
       6
      13
      21
      19
       3
      14
      18
      12
       8
      15
      10
      15
       9
      13
       9
      13
       6
       8
       7
       7
       7
       9
       5
      13
       8
       9
       7
      12
      15
      18
      16
      10
      13
      17
      10
      14
      16
      20
      20
      22
      18
      26
      14
      14
       9
       8
       8
       7
       7
       1
       2
       0
       2
       2
       4
       5
       2
       3
       5
       8
       1
       6
       6
       5
       9
      24
      23
      13
      10
      23
      19
      19
      14
      28
      17
      19
      18
      18
      14
      18
      15
      14
      11
      13
      16
       7
      12
       9
       5
       9
      14
      10
      10
      12
      18
      17
      14
      21
      19
       9
      13
      27
      19
      18
      26
      21
      25
      19
      17
       8
       7
       5
      14
       2
       5
       2
       1
       5
       9
       2
       3
       8
       7
      10
       7
       8
       7
      10
       5
      20
      19
      21
      24
      29
      25
      20
      18
      20
      21
      23
      19
      15
      19
      15
      10
       6
      16
      11
      10
      15
      16
      12
      13
       8
      14
      15
      10
      24
      23
      27
      25
      21
      25
      29
      29
      27
      25
      33
      31
      21
      23
      27
      18
      15
      12
       9
       9
       5
       2
       2
       2
       3
       4
       4
       5
       6
       9
       7
       9
      17
      15
       8
      13
      18
      24
      21
      16
      22
      32
      25
      13
      28
      32
      25
      19
      19
      19
      39
      18
      11
      20
      18
      19
      15
      24
      12
      18
       9
      17
      14
      18
      18
      23
      12
      22
      32
      34
      27
      25
      34
      16
      22
      28
      35
      25
      13
      18
      13
       9
      14
      12
       9
       9
       4
       7
       6
       7
       9
       8
      14
      11
      12
      21
      13
       7
       5
      12
      21
      30
      20
      25
      26
      25
      23
      24
      26
      27
      28
      29
      36
      26
      27
      24
      20
      15
      10
      19
      15
      18
      26
      21
      13
      12
      16
      14
      31
      21
      22
      27
      31
      24
      24
      33
      32
      35
      26
      32
      29
      31
      20
      19
      13
      11
      16
      15
       4
       7
       4
       8
       5
       7
       4
      11
      15
       6
       8
       9
      10
      21
      14
      22
      22
      25
      25
      24
      23
      29
      24
      29
      26
      29
      32
      26
      32
      31
      24
      30
      24
      13
      22
      19
      14
      23
      17
      20
      20
      19
      14
      16
      26
      25
      26
      38
      27
      22
      29
      32
      29
      30
      34
      32
      43
      35
      24
      22
      12
      22
      14
      11
       3
       2
      13
       8
       3
       3
       9
       4
      17
      10
       7
       9
      11
      16
       8
      26
      24
      23
      35
      27
      22
      31
      34
      41
      34
      24
      34
      27
      17
      32
      34
      19
      19
      12
      29
      14
      26
      20
      17
      20
      23
      22
      15
      30
      25
      27
      23
      29
      29
      31
      29
      40
      33
      26
      38
      40
      30
      30
      21
      25
      12
       6
      13
      19
       8
       3
       4
       5
       5
       5
      13
      10
       8
      11
       8
      12
      12
      19
      11
      20
      24
      28
      17
      26
      20
      28
      33
      33
      28
      33
      28
      31
      31
      37
      27
      24
      18
      15
      21
      14
      22
      19
      14
       8
       9
      15
      12
       9
      22
      20
      25
      18
      24
      21
      21
      28
      29
      29
      24
      35
      28
      33
      26
      28
      17
      12
      15
       7
       5
       8
      10
       5
      11
       9
       9
       6
       8
       6
       6
      11
      16
      19
      20
      16
      24
      25
      28
      23
      28
      31
      27
      23
      32
      28
      27
      35
      29
      16
      22
      31
      26
      23
      15
      20
      23
      19
      19
      21
      17
      17
      19
      25
      21
      25
      19
      31
      29
      32
      27
      23
      25
      30
      31
      29
      27
      17
      22
      19
      11
      10
      16
       7
       3
       4
       6
       7
       7
       9
       5
      16
      10
      13
      12
      11
      19
      18
      18
      19
      22
      19
      22
      22
      26
      22
      30
      19
      26
      24
      30
      25
      28
      19
      30
      24
      20
      14
      19
      10
      24
      23
      17
      26
      14
      14
      15
      29
      27
      30
      25
      25
      24
      28
      38
      27
      24
      29
      28
      26
      21
      28
      21
      22
       7
      10
      10
       8
       2
       8
       7
       9
       7
       9
       7
       7
       8
       9
      12
      11
      20
      13
      13
      15
      22
      17
      29
      24
      18
      27
      22
      23
      20
      15
      28
      23
      23
      17
      19
      17
      14
      19
      16
       8
      12
       9
      11
      16
      20
      14
      10
      18
      22
      24
      17
      18
      19
      22
      35
      28
      32
      25
      25
      26
      22
      25
      19
      19
      17
       8
      19
      17
       3
       4
       9
       9
       5
       5
       8
       6
       4
       4
      13
      14
      13
      13
      17
      10
      27
      17
      26
      13
      23
      14
      20
      19
      20
      21
      30
      17
      15
      30
      21
      20
      11
      16
      13
      15
      13
      17
      16
      13
      11
       9
      14
      22
      22
      31
      17
      26
      18
      26
      19
      34
      36
      28
      27
      31
      26
      22
      29
      23
       8
      10
      17
       8
       5
       7
       5
       6
       4
       6
      10
       2
       5
      11
       9
      11
       6
      19
      21
       4
      29
      18
      28
      32
      23
      31
      22
      27
      24
      22
      27
      26
      24
      16
      21
      16
      15
       9
      25
      25
      21
      12
      15
      15
      13
      22
      22
      18
      30
      21
      22
      36
      20
      24
      23
      31
      26
      31
      18
      27
      31
      26
      27
      18
      14
      11
      10
      10
       5
       5
       4
       6
       6
       4
       7
      11
       4
       6
      12
       7
      23
      14
      13
      11
      30
      19
      22
      17
      18
      19
      24
      23
      25
      26
      24
      22
      24
      15
      37
      29
      23
      12
      14
      10
      14
      17
      20
      17
      13
       5
       8
      18
      23
      22
      15
      24
      20
      21
      29
      26
      35
      23
      16
      27
      28
      30
      22
      20
      11
       8
      13
       9
       8
       7
       3
       7
       8
       5
       8
      11
       4
      10
       4
      13
      12
       8
      12
      15
      28
      25
      18
      27
      22
      25
      25
      24
      26
      28
      26
      17
      19
      23
      12
      19
      16
      16
      15
      13
      12
      10
      19
      21
      14
      22
      13
      20
      25
      26
      17
      22
      30
      27
      33
      25
      25
      25
      21
      29
      25
      19
      19
      19
       8
      17
      10
      12
       6
       6
       6
       6
       5
       5
      11
       2
       9
       9
       5
      11
      14
      18
      10
      15
      20
      24
      16
      21
      21
      18
      14
      24
      21
      22
      21
      21
      21
      21
      37
      14
      17
       8
      10
      14
       8
      13
      13
       9
       4
       9
      13
       9
      16
      16
      16
      24
      22
      22
      23
      22
      21
      17
      30
      16
      28
      31
      16
      29
       6
      13
      12
      14
       7
       6
       3
       3
      13
       3
       7
       9
      10
      13
       3
      14
      14
      19
      10
      15
      23
      18
      18
      19
      30
      22
      18
      27
      22
      22
      25
      26
      23
      20
      22
      19
      14
       8
      13
      11
      17
      18
      17
      17
      19
      18
       7
      18
      21
      21
      23
      24
      19
      22
      21
      25
      18
      30
      31
      28
      23
      26
      21
      19
       8
      15
       6
       9
      10
       4
       3
       3
       4
       5
       8
       5
       4
      14
      11
      18
      23
      13
      12
       9
      24
      31
      20
      17
      13
      31
      18
      29
      26
      18
      16
      26
      24
      16
      15
      19
       6
      11
      11
      11
      11
      14
      18
      12
       6
      13
      11
      17
      19
      13
      10
      18
      24
      20
      21
      23
      26
      41
      23
      19
      33
      28
      21
      20
      11
      13
       9
       8
       5
       5
       8
       5
       7
       3
       5
       3
       5
       5
       7
       7
       5
      12
       6
       8
      24
      22
      19
      18
      14
      17
      17
      22
      22
      19
      32
      26
      15
      15
      14
      20
      17
       7
      17
      10
      13
       9
      13
      15
      14
      15
      14
      14
      25
      23
      20
      29
      16
      22
      17
      18
      31
      12
      21
      21
      14
      17
      13
       3
       6
       8
       6
      10
       8
       1
       4
       3
       6
       3
       6
       8
       6
      10
       9
      11
      14
      12
      11
      11
      13
      30
      23
      21
      14
      24
      22
      22
      29
      16
      16
      12
      23
      18
      21
      15
      11
      16
      13
      13
      12
      12
      16
       6
       5
       9
      12
      10
      16
      14
      15
      13
      19
      13
      25
      18
      14
      18
      27
      12
      15
      28
      15
      13
      10
       8
       5
       7
       5
       7
       4
       4
       7
       5
       4
       8
       6
       4
       8
       8
      10
      13
      13
      10
      17
      20
      16
      26
      21
      23
      25
      28
      23
      27
      19
      25
      21
      15
      22
      17
      17
      10
      12
      15
      11
      10
      14
      10
      13
       7
      16
      14
      21
      21
      25
      25
      15
      30
      21
      25
      32
      24
      22
      20
      18
      27
      18
      17
       8
       9
      11
      14
       5
       3
       3
       5
       2
       2
       4
       4
       6
       8
       6
      13
       6
      11
      13
       8
       5
      20
      21
      20
      18
      14
      27
      21
      24
      19
      20
      22
      20
      17
      20
      18
      12
       9
       6
       8
      11
       9
       9
      12
       8
      13
      18
      15
      15
      16
      21
      24
      16
      20
      23
      23
      19
      27
      17
      11
      24
      23
      22
      19
       1
      10
      11
       2
       9
       5
       4
       6
      10
       9
       2
       7
       5
       5
       3
       9
       8
      11
      15
       8
      27
      22
      17
      24
      18
      11
      20
      18
      17
      18
      16
      16
      13
      23
      12
      14
       9
       9
      12
      19
       7
       7
      10
      14
      13
      13
      10
      11
      19
      22
      15
      17
      14
      24
      12
      16
      17
      18
      18
      23
      21
      19
      25
      16
       9
       5
       5
      13
       7
       2
       3
       1
       3
       7
       7
       4
       8
       3
       4
      12
      13
      10
       6
      12
      18
      23
      13
      15
      22
      24
      20
      16
      21
      13
      23
      14
      19
      15
      16
      24
      20
       7
      11
      10
       7
      12
       8
       9
       5
      11
       8
      14
      15
      24
      16
      15
      15
      18
      15
      17
      15
      23
      20
      15
      24
      16
      17
      22
      10
       7
      11
      11
       3
       5
       7
       4
      10
       7
       5
       6
       8
       3
       6
      16
      14
       7
      18
      12
      18
      11
      16
      16
      13
      18
      14
      21
      15
      16
      25
      19
      16
      15
      13
      15
      10
      16
       9
      10
      12
      12
       8
       6
      18
      11
      11
      11
      12
      19
      19
      14
      15
      16
      23
      17
      20
      20
      23
      23
      19
      19
      17
      12
      10
       6
       8
       7
       6
       5
       5
       6
       6
       5
       3
       6
       5
       4
       8
       8
       6
       7
       8
       8
      21
      18
      19
      11
      14
      23
      19
      12
      20
      25
      25
      20
      10
      19
      13
      12
       7
      10
      13
       8
      13
      11
      19
      13
      13
      10
       8
       9
      12
      11
       9
      17
      20
      21
      17
      17
      13
      20
      17
      18
      22
      15
      12
      11
       5
       7
       6
       4
       1
       4
       5
       4
       3
       7
       5
       4
       3
       6
       6
       8
      11
       8
      13
       9
      13
      22
      17
      27
      10
      17
      13
      20
      12
      14
      19
      11
      11
      20
      17
      15
      10
       7
      14
      17
       5
       8
       6
      10
      11
      14
      10
      16
      20
       9
      15
      16
      18
      15
      11
      15
      15
      17
      11
      14
      15
      16
      10
       7
       5
       6
       6
      12
       4
       4
       4
       2
       1
       8
       0
       9
       3
       6
       3
       3
       9
      15
       9
      11
      13
      17
      13
      13
      17
       9
      16
       9
      17
      17
      11
      18
      10
      11
       7
      22
       5
      11
      11
       7
      11
       9
      11
       7
       6
       3
       5
       9
      13
      10
       7
      12
      24
      18
      16
      14
      12
      20
      14
      11
      19
      22
      14
      10
       9
      12
       4
       7
       4
       0
       1
       2
       1
       4
       6
       2
       2
       6
       2
       8
      17
       5
      10
      13
      17
      19
      14
      11
      15
      17
      13
      19
      14
      14
      14
      11
      10
      12
      18
       8
       8
       6
       5
      12
      13
       6
      11
       8
       9
      16
      11
      19
      15
      11
      10
      18
      10
      13
      17
      11
      23
      11
      11
      13
      21
      13
      16
      13
       8
       9
      11
       9
       8
       5
       7
       4
       2
       3
       5
       4
       5
       7
       6
       5
       4
       6
       8
       6
      17
      13
      11
      15
      11
       8
      15
      13
      14
      16
      13
      10
      12
      19
      15
      12
       5
       4
      15
       9
       9
      13
      11
       9
       8
      13
       7
      13
      11
      12
      10
      17
      16
      10
      18
      12
      13
      12
       8
      13
       8
      16
      13
      13
       9
       6
       3
       7
       2
       6
       2
       5
       6
       3
       6
       7
       5
       3
       3
       4
       4
       4
      10
      10
      10
      13
       7
      10
      13
      12
      17
      13
      11
      14
      12
      10
       9
       9
      10
       9
       9
       8
      14
       5
       6
       5
       9
       7
      10
       8
       9
       9
      16
      14
       5
       4
      13
      10
      12
      17
      16
      15
      15
       6
       9
      11
      14
      10
       3
      11
       2
       6
       2
       1
       0
       2
       4
       3
       3
       8
      11
       2
       6
       5
       5
      10
       3
      13
      10
       8
      11
      10
       9
      11
      10
       8
      17
      12
      10
      13
      14
      14
       9
       8
       9
       9
      10
       5
       6
       5
       1
      11
       7
       4
       9
       4
       9
       9
      10
      12
      21
       7
      10
      10
      14
      12
      11
       9
      14
      15
      10
      13
       8
       6
       6
       3
       2
       2
       6
       4
       5
       4
       3
       5
       3
       4
       4
       9
       7
       9
       8
       9
      18
       7
      10
      12
      13
      12
      17
      19
      10
      14
      13
      19
       6
       9
       6
       9
       6
      10
      11
       8
      10
       3
       8
       4
       7
       6
      11
      12
      12
       9
       8
      16
      15
       8
       9
       8
      15
       7
      11
       9
      19
      14
      11
       8
       3
       6
       6
       5
       2
       8
       5
       2
       6
       6
       6
       3
       2
       3
       4
       0
       8
       5
       6
       4
      11
      11
       6
      10
       6
       4
      14
       8
      14
       9
       8
      16
       9
       8
       7
       9
      10
       5
       7
       8
       7
       6
       3
      12
       3
       4
       2
       4
      13
       6
       8
      10
      13
      10
      11
       4
      15
      15
      16
      12
       3
      15
      10
      11
       9
       6
       3
       6
       2
       2
       3
       3
       2
       3
       2
       3
       2
       2
       6
       4
       6
       2
       5
       5
       8
       9
       5
      13
       6
      10
      17
       8
      13
       8
      14
      14
       3
       6
       7
      14
       3
       1
       4
       5
       8
       9
       6
       3
       2
       7
       6
       5
      10
       9
      10
       7
       4
       5
      12
      15
      12
      12
      11
      15
       9
       9
       4
       4
       4
       7
       5
       4
       1
       3
       6
       1
       2
       6
       4
       0
       1
       1
       6
       0
       6
       2
       3
       6
       9
       8
       6
       7
       9
      12
       5
       6
       7
       2
       5
       7
      14
       8
       9
       3
       4
      10
       5
       6
      11
       8
       4
       3
       4
       7
       4
       6
      11
       5
       4
       7
      13
       8
       7
       5
      14
      10
      10
       8
       6
       9
      11
       5
       5
       3
       4
       1
       0
       2
       4
       1
       5
       2
       3
       3
      10
       6
       4
       2
       7
       2
       5
       3
       6
       8
       8
      13
       6
      12
       3
       5
       7
       9
       7
       5
       5
       8
       5
       5
       4
       6
       8
       8
       5
       5
       3
       3
       8
       4
       9
       8
       5
      12
       7
       5
       6
       6
      13
      12
       9
       4
      11
      16
       4
       7
       9
       9
       2
       5
       3
       4
       2
       1
       4
       3
       0
       2
       2
       4
       3
       2
       3
       4
       7
       5
       3
       2
       8
       5
       6
       6
       6
      12
      12
       7
       6
      12
       5
      10
       7
      14
      10
       4
       4
       4
       4
       6
       5
       5
       6
       6
       2
       3
       3
       2
       1
       4
       7
       8
      13
       7
       8
       7
      12
      14
       7
       6
       6
       7
      10
       5
       2
       2
       3
       2
       2
       3
       4
       1
       5
       2
       2
       1
       6
       1
       3
       2
       4
       1
       6
       7
       7
       9
      12
       9
      11
       4
       6
       7
      11
       8
       9
       6
       4
       4
       3
       6
       2
       5
       4
       4
       3
       2
       7
       3
       9
       6
       5
       8
       4
       9
       4
       6
       6
       8
       9
       7
       7
      10
       6
       8
       9
       8
       6
       8
       7
       1
       4
       3
       3
       1
       1
       3
       3
       0
       1
       1
       5
       4
       3
       4
       2
       3
       3
       6
       4
       4
       8
       4
       5
       7
       5
       2
       6
       5
       6
       6
       1
       9
       3
       6
       5
       3
       2
       5
       8
       5
       4
       5
       2
       4
       3
       3
       7
       6
       6
       8
       3
       5
       7
       9
       6
       5
       8
      11
       6
       6
       6
       3
       2
       6
       6
       2
       0
       0
       1
       1
       0
       2
       4
       2
       0
       1
       2
       1
       1
       2
       3
       5
       4
       2
       2
       8
       3
      10
       4
       8
       6
       7
       7
       7
       3
       4
       5
       6
       1
       3
       4
       6
       8
       4
       2
       2
       1
       3
       1
       2
       6
       5
       1
       5
       4
       5
       5
       3
       4
       4
       5
       3
       3
       4
       3
       3
       3
       3
       3
       2
       0
       2
       0
       1
       0
       0
       2
       1
       0
       2
       4
       2
       1
       1
       4
       3
       1
       5
$ROI:
4
1262 1288
1308 1350
2342 2386
2667 2708
$PRESETS:
None
0
0
$ENER_FIT:
-0.203221 0.496058
$MCA_CAL:
3
-2.032215E-001 4.960577E-001 1.819187E-007 keV
$SHAPE_CAL:
3
2.673912E+000 4.111735E-005 1.880620E-007
