$SPEC_ID:
No sample description was entered.
$SPEC_REM:
DET# 8
DETDESC# Detector #8 - 80% HPGe (Matchmaker MCB 1)
AP# Maestro Version 7.01
$DATE_MEA:
06/11/2025 10:29:52
$MEAS_TIM:
228 277
$DATA:
0 8191
       0
       0
       0
       0
       0
       0
       0
       0
       0
       0
       0
       0
       0
       0
       0
       0
       0
       0
       0
       0
       0
       0
       0
       0
       0
       0
       0
       0
       0
       0
       0
       0
       0
       0
       0
       0
       0
       0
       0
       0
       0
       0
       0
       0
       0
       0
       0
       0
       0
       1
       5
      17
     162
     433
     708
     779
     853
     867
     838
     871
     870
     891
     867
     833
     808
     824
     864
     827
     810
     841
     801
     814
     841
     781
     788
     775
     773
     907
     820
     803
     780
     783
     827
     766
     764
     730
     731
     755
     749
     770
     694
     747
     778
     730
     756
     707
     744
     722
     712
     701
     756
     744
     713
     683
     778
     743
     787
     747
     854
     833
     839
     846
     724
     703
     676
     757
     671
     686
     746
     771
     776
     755
     738
     746
     798
     742
     778
     774
     776
     873
     860
     866
     903
     869
     912
     924
     845
     946
     885
     947
     975
     940
     926
     945
     881
    1024
    1002
    1064
    1037
    1093
    1106
    1106
    1113
    1176
    1263
    1333
    1386
    1340
    1386
    1521
    1708
    2135
    3210
    4882
    8921
   14661
   15749
   12357
    8107
    4521
    2367
    1376
     980
     820
     720
     685
     604
     642
     645
     604
     626
     563
     620
     577
     592
     572
     592
     617
     612
     628
     630
     601
     646
     609
     700
     640
     637
     689
     625
     592
     632
     661
     632
     674
     622
     627
     634
     662
     663
     692
     668
     685
     631
     642
     681
     676
     656
     679
     700
     668
     688
     692
     664
     650
     648
     662
     700
     706
     705
     665
     669
     715
     670
     685
     639
     699
     690
     678
     741
     710
     732
     719
     700
     687
     689
     658
     700
     688
     672
     692
     746
     678
     688
     752
     749
     718
     770
     716
     720
     697
     736
     752
     813
     712
     772
     808
     713
     746
     802
     760
     799
     796
     776
     819
     834
     823
     865
     824
     785
     854
     882
     842
     886
     856
     846
     895
     960
     906
     907
     943
     937
     955
     926
     938
     856
     890
     995
     934
     935
     941
     938
     958
     962
    1029
    1026
     999
    1094
    1038
    1029
    1163
    1082
    1115
    1173
    1135
    1115
    1159
    1095
    1126
    1118
    1137
    1196
    1133
    1152
    1173
    1298
    1484
    1690
    1633
    1457
    1213
    1225
    1138
    1094
    1029
    1004
     991
     986
    1011
    1026
     919
    1029
     980
     991
     949
     986
     942
     944
     959
     912
     900
     919
     938
     954
     973
     975
     980
     908
     888
     923
     895
     933
     900
     933
     956
     926
     869
     948
     913
     921
     861
     896
     880
     917
     958
     884
     922
     921
     904
     928
     912
     909
     916
     883
     903
     924
     927
     919
     973
     939
     925
     884
     900
     954
     937
     970
     869
     924
     906
     925
     936
     868
     917
     915
     929
     912
     854
     928
     896
     904
     939
     885
     926
     863
     849
     871
     887
     856
     889
     844
     870
     795
     852
     728
     781
     774
     747
     740
     770
     738
     633
     683
     677
     668
     649
     661
     640
     602
     607
     621
     633
     607
     648
     632
     657
     614
     665
     645
     666
     618
     682
     698
     808
     957
     890
     843
     743
     671
     586
     622
     594
     571
     566
     600
     547
     544
     582
     530
     545
     520
     520
     516
     524
     529
     523
     521
     480
     480
     488
     480
     532
     511
     462
     489
     489
     480
     481
     495
     449
     446
     486
     480
     497
     477
     427
     464
     476
     465
     480
     503
     458
     437
     444
     469
     437
     444
     468
     450
     419
     452
     423
     426
     423
     413
     410
     438
     409
     437
     443
     403
     424
     416
     427
     383
     431
     409
     381
     440
     384
     429
     398
     435
     374
     388
     392
     411
     391
     393
     397
     417
     370
     390
     363
     416
     403
     406
     420
     371
     357
     377
     399
     423
     385
     401
     428
     460
     532
     904
    1908
    3620
    5222
    5013
    3626
    2293
    1373
     807
     582
     449
     383
     352
     393
     407
     346
     356
     380
     375
     354
     362
     371
     384
     371
     330
     356
     366
     369
     390
     348
     366
     342
     367
     360
     352
     381
     353
     337
     331
     377
     334
     349
     397
     356
     349
     372
     391
     360
     363
     363
     398
     497
     732
    1380
    3090
    7297
   11290
   12208
    9369
    6081
    3370
    1748
     918
     599
     434
     340
     317
     336
     348
     313
     322
     311
     332
     302
     332
     303
     300
     290
     297
     282
     272
     308
     286
     292
     294
     282
     281
     272
     272
     299
     276
     266
     285
     295
     272
     283
     296
     275
     311
     282
     285
     277
     286
     282
     292
     268
     268
     306
     279
     271
     297
     259
     264
     261
     250
     259
     262
     303
     254
     247
     264
     250
     269
     251
     254
     264
     257
     267
     264
     273
     264
     241
     272
     317
     275
     277
     286
     274
     259
     282
     238
     267
     274
     283
     257
     255
     264
     244
     264
     272
     298
     250
     300
     286
     255
     302
     323
     402
     672
    1469
    3445
    9008
   20869
   33528
   36481
   28965
   18381
   10029
    5021
    2221
    1126
     602
     390
     352
     325
     299
     253
     249
     251
     241
     230
     235
     218
     195
     201
     204
     203
     193
     178
     193
     181
     178
     165
     166
     154
     150
     167
     177
     179
     164
     138
     162
     151
     136
     139
     142
     140
     147
     160
     156
     153
     118
     143
     168
     188
     327
     573
    1297
    2939
    4805
    5329
    4171
    2744
    1607
     793
     401
     222
     173
     141
     123
     101
     107
     123
     113
     104
     114
      90
     106
      96
      97
      97
      91
     102
      95
      96
      93
      84
      72
      96
      85
     100
     104
      97
     101
      79
      95
     106
      88
      79
      96
      87
      80
     110
      91
      87
      85
      74
      71
      78
      60
      78
      84
      73
      90
      88
      84
      71
      68
      63
      95
      96
      82
      63
      73
      81
      82
      91
      68
      83
      89
      86
      77
      81
      84
      88
      92
      84
      66
      76
      82
      86
      71
      78
      93
      87
      98
      70
      89
      70
      87
      82
      97
      97
      88
     103
      99
      97
      87
     108
      99
      96
     122
     131
     150
     239
     425
     549
     656
     488
     348
     185
     121
      80
      57
      48
      60
      54
      53
      48
      50
      53
      45
      52
      46
      42
      56
      41
      38
      53
      51
      48
      42
      46
      43
      42
      42
      36
      48
      42
      34
      46
      40
      33
      36
      49
      50
      42
      44
      30
      33
      51
      35
      42
      45
      29
      54
      48
      39
      37
      33
      40
      45
      63
      40
      34
      39
      35
      38
      42
      42
      44
      55
      41
      39
      29
      39
      45
      37
      31
      42
      35
      37
      40
      28
      31
      38
      40
      36
      29
      30
      49
      41
      46
      34
      41
      30
      32
      21
      41
      44
      40
      42
      33
      35
      31
      28
      32
      55
      37
      41
      27
      27
      32
      30
      40
      48
      32
      28
      33
      33
      37
      33
      39
      31
      37
      34
      33
      27
      32
      35
      31
      26
      31
      45
      26
      33
      25
      32
      35
      28
      21
      42
      35
      37
      33
      36
      28
      22
      26
      33
      36
      37
      37
      40
      35
      37
      35
      37
      25
      48
      29
      35
      40
      33
      30
      34
      19
      34
      33
      37
      45
      36
      39
      39
      31
      34
      31
      30
      26
      30
      34
      23
      38
      40
      22
      27
      27
      41
      18
      19
      18
      37
      28
      35
      23
      30
      28
      30
      22
      32
      18
      27
      27
      20
      24
      23
      28
      27
      27
      20
      28
      26
      33
      29
      28
      32
      25
      29
      18
      24
      31
      18
      28
      27
      28
      22
      29
      31
      14
      17
      25
      34
      29
      35
      20
      24
      30
      23
      20
      16
      17
      24
       9
      27
      23
      25
      20
      22
      31
      20
      17
      19
      20
      27
      22
      27
      27
      29
      16
      18
      21
      17
      12
      27
      22
      19
      17
      19
      12
      13
      22
      18
      25
      22
      23
      26
      13
      23
      17
      19
      15
      22
      21
      11
      24
      23
      26
      23
      29
      23
      13
      23
      24
      24
      27
      21
      16
      30
      16
      15
      22
      17
      16
      26
      31
      14
      21
      18
      13
      23
      20
      21
      22
      19
      15
      19
      18
      17
      12
      13
      22
      19
      16
      21
      18
      22
      22
      25
      19
      14
      13
      12
      15
      19
      18
      15
      20
      15
      19
      22
      24
      27
      23
      32
      10
      23
      26
      21
      24
      19
      25
      26
      31
      24
      23
      11
      15
      16
      15
      15
      21
      11
       8
      15
      18
      27
      12
      21
      17
      15
      16
      15
      10
      23
      12
      18
      16
      12
      15
      12
      20
      21
      17
      14
      15
      25
      15
      19
      24
      12
      18
      23
      20
      18
      17
      13
      24
      19
      16
      20
      20
      20
      15
      14
      15
       9
      16
      17
      10
      19
      18
      10
      15
      18
      16
      15
      20
      16
      14
      15
       9
      17
      12
      16
      12
      14
      11
      17
      16
      13
      14
      14
      11
      18
      13
      14
      14
      13
      13
      19
      15
      14
      20
      27
      16
      19
      20
      20
      11
      27
      30
      20
      19
      33
      23
      20
      25
      11
      10
      12
      14
       7
       5
      10
       9
       9
      12
       8
      14
      10
      13
      11
      10
       7
       7
       3
       8
       8
      10
      10
      10
      13
      18
       7
       9
      10
      11
       5
       6
       8
       6
       9
      17
       8
       9
      12
       5
       6
      14
      12
      11
      11
      12
      18
       6
       8
      11
       7
      15
      14
       7
      11
      12
      11
      10
      10
       9
      12
       5
      10
       9
       8
       6
      13
      10
      10
      11
      14
       4
      19
       9
      10
       7
      12
      14
      14
      11
      15
       8
       9
      12
      12
      10
       8
      11
      14
      13
      18
      16
      19
      11
      18
      26
      15
      20
      20
      20
      20
      30
      28
      28
      25
      13
       5
       9
       7
       7
       5
       3
       8
       1
       5
       7
       4
       2
       2
       9
       7
       2
       4
       7
       5
       0
       3
       4
       3
       3
       4
       8
       6
       5
       6
       5
       3
       4
       2
       4
       3
       3
       7
       4
       6
       6
       5
       6
       8
       4
       5
      10
       2
       5
       6
       8
       8
       8
      10
      14
      10
       5
       4
       5
       3
       0
       2
       2
       2
       2
       3
       2
       1
       2
       3
       0
       2
       4
       2
       1
       3
       1
       7
       3
       2
       2
       0
       1
       4
       3
       5
       2
       1
       1
       1
       0
       2
       1
       3
       6
       3
       2
       4
       2
       3
       1
       4
       4
       5
       0
       1
       5
       2
       2
       2
       2
       3
       4
       4
       3
       3
       2
       4
       3
       5
       2
       3
       4
       0
       1
       3
       4
       4
       2
       2
       1
       3
       1
       1
       3
       1
       0
       4
       5
       1
       0
       1
       1
       1
       4
       1
       3
       1
       2
       1
       1
       1
       0
       1
       2
       4
       3
       3
       3
       2
       2
       2
       2
       5
       3
       1
       3
       0
       3
       2
       2
       2
       3
       3
       0
       2
       0
       0
       1
       1
       1
       0
       4
       4
       2
       3
       0
       2
       2
       0
       1
       5
       4
       7
       2
       4
       0
       2
       2
       2
       2
       3
       5
       5
       2
       2
       0
       1
       1
       2
       2
       1
       1
       1
       0
       2
       1
       5
       1
       1
       1
       3
       7
       2
       4
       1
       4
       4
       5
       3
       5
       0
       4
       2
       0
       4
       0
       3
       4
       1
       2
       1
       1
       0
       0
       1
       3
       4
       0
       0
       2
       2
       2
       0
       2
       1
       4
       3
       2
       1
       3
       2
       2
       3
       2
       1
       2
       1
       1
       4
       0
       1
       2
       1
       0
       4
       0
       2
       4
       1
       0
       2
       3
       3
       2
       5
       3
       2
       3
       2
       2
       4
       4
       7
       6
       7
       3
       1
       3
       3
       4
       0
       0
       2
       1
       1
       0
       1
       3
       4
       0
       3
       3
       4
       2
       1
       1
       0
       3
       2
       0
       4
       0
       0
       3
       2
       5
       2
       3
       6
       2
       4
       4
       2
       4
       0
       1
       1
       0
       2
       1
       0
       5
       1
       3
       1
       4
       1
       2
       6
       5
       1
       2
       4
       2
       3
       4
       0
       6
       1
       4
       3
       2
       2
       3
       5
       3
       0
       1
       2
       4
       2
       4
       3
       4
       2
       2
       1
       5
       5
       2
       1
       2
       2
       2
       5
       5
       4
       6
       2
       2
       4
       4
       0
       4
       2
       2
       2
       0
       2
       0
       0
       4
       1
       1
       1
       1
       1
       0
       0
       1
       2
       1
       2
       1
       2
       3
       2
       5
       7
       4
       2
       1
       4
       4
       3
       2
       2
       1
       3
       2
       4
       4
       1
       3
       3
       1
       1
       4
       3
       3
       2
       0
       3
       3
       3
       3
       2
       4
       3
       2
       0
       3
       2
       2
       4
       6
       2
       4
       4
       2
       2
       2
       1
       4
       2
       1
       1
       1
       0
       0
       2
       1
       1
       2
       5
       2
       2
       2
       2
       6
       2
       1
       3
       6
       2
       3
       4
       5
       5
       0
       5
       2
       2
       4
       1
       4
       1
       2
       2
       1
       2
       3
       3
       1
       1
       2
       2
       3
       6
       0
       3
       2
       3
       6
       2
       5
       4
       3
       3
       0
       5
       4
       3
       0
       1
       4
       4
       2
       1
       2
       1
       1
       1
       1
       0
       3
       2
       5
       2
       1
       2
       6
       1
       5
       5
       4
       4
       9
       2
       6
       2
       2
       1
       0
       4
       2
       3
       1
       1
       6
       3
       5
       1
       3
       3
       2
       2
       4
       4
       3
       1
       1
       2
       2
       3
       2
       3
       1
       1
       5
       4
       2
       1
       3
       3
       5
       2
       1
       2
       0
       4
       3
       2
       0
       2
       0
       1
       1
       1
       2
       2
       3
       2
       5
       2
       6
       1
       2
       3
       1
       2
       5
       5
       1
       6
       3
       3
       3
       2
       3
       4
       5
       3
       3
       2
       2
       3
       2
       2
       3
       1
       5
       9
       4
       1
       4
       2
       1
       3
       4
       6
       3
       7
       5
       3
       1
       2
       4
       4
       1
       1
       3
       2
       1
       2
       1
       1
       0
       0
       2
       1
       1
       2
       2
       1
       0
       2
       0
       1
       2
       2
       2
       7
       3
       5
       2
       5
       2
       0
       4
       4
       2
       4
       1
       5
       2
       2
       2
       1
       1
       2
       0
       2
       2
       3
       2
       2
       1
       2
       3
       2
       1
       2
       3
       2
       2
       3
       4
       2
       2
       5
       3
       6
       3
       3
       0
       3
       2
       1
       1
       2
       1
       4
       5
       1
       1
       1
       2
       2
       1
       2
       2
       4
       2
       1
       5
       3
       2
       2
       4
       8
       2
       4
       3
       1
       7
       2
       2
       1
       2
       2
       1
       3
       3
       1
       3
       3
       4
       3
       2
       5
       0
       2
       0
       1
       5
       3
       4
       3
       0
       3
       3
       5
       7
       3
       9
       2
       2
       3
       1
       1
       2
       2
       2
       1
       3
       3
       2
       4
       3
       2
       2
       2
       2
       1
       0
       5
       3
       7
       2
       2
       7
       6
       2
       2
       4
       4
       2
       4
       4
       2
       2
       2
       1
       4
       3
       3
       2
       3
       2
       4
       2
       2
       2
       2
       1
       2
       5
       2
       3
       3
       6
       1
       5
       4
       3
       3
       2
       4
       2
       2
       5
       1
       4
       7
       1
       0
       1
       2
       2
       1
       2
       2
       2
       3
       1
       3
       1
       3
       4
       3
       3
       6
       1
       3
       6
       4
       4
       1
       4
       4
       8
       2
       3
       4
       5
       1
       5
       2
       2
       3
       6
       3
       2
       2
       1
       0
       2
       2
       5
       2
       2
       2
       1
       2
       3
       3
       2
       3
       5
       2
       3
       6
       7
       1
       2
       2
       0
       2
       2
       3
       0
       1
       2
       3
       1
       1
       3
       1
       1
       0
       2
       3
       2
       2
       2
       2
       6
       2
       3
       2
       3
       4
       4
       3
       8
       5
       6
       5
       1
       5
       3
       4
       3
       2
       7
       1
       1
       2
       6
       3
       0
       4
       2
       3
       3
       2
       2
       3
       3
       5
       1
       3
       4
       4
       5
       4
       4
       1
       0
       5
       3
       1
       1
       0
       2
       2
       0
       4
       4
       2
       1
       1
       2
       0
       3
       3
       4
       4
       2
       3
       4
       6
       3
       3
       5
       2
       6
       3
       4
       3
       5
       4
       3
       2
       8
       4
       3
       0
       1
       7
       4
       4
       2
       3
       2
       3
       3
       2
       4
       1
       1
       3
       8
       6
       7
       7
       4
       6
       5
       4
       2
       3
       5
       3
       3
       2
       1
       6
       1
       2
       2
       1
       2
       0
       1
       0
       0
       0
       1
       4
       3
       3
       2
       4
      11
       3
       4
       6
       3
       3
       0
       5
       5
       5
       2
       4
       3
       6
       1
       1
       2
       1
       5
       3
       5
       3
       3
       0
       3
       4
       3
       2
       7
       4
       3
       3
       1
       5
       4
       5
       3
       5
       4
       3
       4
      10
       5
       6
       0
       2
       4
       0
       1
       0
       4
       3
       2
       4
       1
       1
       3
       0
       2
       3
       3
       3
       4
       9
       1
       5
       7
       4
       6
       1
       6
       5
       4
       9
       4
       4
       5
       4
      10
       1
       1
       3
       2
       7
       3
       5
       5
       2
       2
       4
       2
       6
       2
       1
       2
       3
       7
       2
       5
       4
       2
       4
       1
       7
       6
       2
       5
       2
       5
       4
       0
       2
       0
       0
       3
       1
       1
       3
       2
       0
       0
       3
       3
       3
       7
       1
       3
       3
       6
      10
       2
       5
       3
       4
       3
       6
       3
       2
       3
       3
       2
       7
       0
       5
       3
       0
       4
       3
       4
       1
       2
       6
       5
       4
       5
       3
       4
       5
       3
       4
       5
       3
       5
       3
       4
       4
       4
       6
       4
       4
       2
       7
       3
       2
       1
       1
       2
       2
       0
       2
       2
       1
       5
       1
       2
       1
       3
       2
       3
       2
       3
       4
       4
       1
       4
       3
       3
       2
       4
       2
       0
       3
       6
       1
       3
       3
       2
       3
       0
       3
       4
       4
       3
       1
       1
       6
       1
       3
       2
       6
       2
       3
       7
       3
       5
       3
       3
       3
       5
       2
       0
       7
       3
       2
       9
       3
       3
       6
       2
       2
       1
       2
       2
       1
       2
       3
       2
       2
       1
       2
       7
       2
       5
       2
       4
       3
       5
       7
       3
       5
       6
       3
       4
       5
       5
       0
       1
       5
       5
       5
       6
       1
       3
       4
       5
       4
       4
       6
       5
       1
       5
       1
       5
       0
       1
       7
       1
       2
       1
       3
       6
       3
       3
       6
       5
       8
       2
       8
       4
       0
       5
       2
       1
       1
       2
       4
       1
       1
       2
       2
       2
       2
       3
       3
       1
       6
       4
       3
       5
       2
       7
       1
       8
       1
       1
       3
      12
       2
       4
       8
       7
       1
       3
       4
       4
       4
       4
       6
       4
       3
       3
       3
       4
       3
       4
       6
       1
       1
       2
       8
       6
       6
       6
       3
       3
       4
       2
       4
       1
       1
       9
       2
       3
       4
       4
       2
       3
       0
       2
       3
       3
       1
       3
       1
       1
       3
       3
       1
       1
       3
       0
       5
       4
       3
       6
       1
       5
       6
       1
       3
       2
       6
       1
       8
       4
       9
       6
       8
       8
       3
       3
       2
       1
       2
       0
       2
       2
       4
       5
       1
       2
       3
       3
       3
       5
       2
       6
       5
       7
       3
       5
       3
       6
       3
       4
       1
       4
       1
       4
       5
       2
       4
       2
       2
       0
       2
       2
       3
       2
       2
       2
       4
       0
       2
       4
       3
       6
       3
       6
       4
       5
      12
       5
       8
       5
       6
       6
       2
       2
       5
       5
       4
       4
       3
       3
       3
       4
       1
       2
       9
       1
       5
       2
       1
       1
       5
       1
       7
       2
       6
       4
       7
       3
       1
       1
       5
       4
       5
       4
       5
       2
       8
       1
       2
       7
       1
       2
       1
       2
       4
       0
       2
       1
       2
       4
       4
       1
       2
       4
       0
       4
       5
       5
       3
       4
       3
       8
       2
       5
       8
       2
       3
       6
       4
       6
       6
       4
       4
       3
       6
       4
       3
       1
       3
       2
       3
       4
       4
       7
       4
       2
       7
       6
       5
       7
       3
       3
       4
       6
      10
       3
       6
      10
       3
       6
       5
       3
       2
       2
       2
       2
       3
       1
       3
       2
       2
       1
       0
       2
       2
       6
       7
      10
       4
      16
       9
      55
       8
      14
      13
      69
      23
      45
      17
      88
      13
      46
      12
      25
       8
      10
      10
      28
      14
      29
      13
      53
      10
      34
      21
     102
      32
     109
      29
      86
      27
      66
      17
      64
      18
      71
      13
      79
      29
      76
      16
     176
      38
     133
      36
     145
      33
     113
      24
      52
      12
      42
      10
      65
       9
      29
       9
      30
      18
      20
      32
     189
     128
     142
      81
     510
     236
     577
     185
     822
     261
     838
     224
     811
     374
     641
     135
     560
     183
     353
      97
     320
     107
     294
      84
     363
      85
     304
      82
     373
     189
     321
     160
     698
     395
     571
     253
     629
     396
     492
     315
     821
     613
     651
     361
     725
     590
     769
     241
     334
     154
     251
      96
     233
     119
     227
      66
     264
      83
     158
      44
     156
      87
     117
     133
     559
     586
     480
     786
    1303
    1770
    1282
    1063
    1247
    1484
    1276
    1043
    1008
    1275
    1093
     692
     868
     873
     830
     413
     435
     479
     449
     345
     593
     541
     591
     427
     607
     535
     865
     538
     876
    1021
     894
    1067
    1408
    1770
    1199
    1599
    1064
    1583
    1108
    1507
    1235
    1602
     931
    1325
     628
    1013
     782
    1035
     579
     723
     508
     640
     629
     784
     731
     540
     447
     416
     407
     364
     356
     457
     301
     441
     689
     802
     531
    1401
     803
    1297
     734
    1551
    1158
    1537
    1191
    1405
     699
    1071
     879
    1218
     783
     944
     659
    1209
     763
    1085
     608
    1241
     694
     837
     424
     819
     554
     742
     587
     923
     689
     702
     611
     999
     650
     824
     599
     849
     440
     456
     401
     537
     281
     317
     202
     285
     184
     203
     191
     263
     297
     316
     269
     587
     475
     511
     490
     678
     328
     402
     399
     391
     257
     203
     354
     343
     306
     246
     355
     507
     411
     284
     398
     461
     404
     372
     472
     501
     248
     246
     315
     383
     267
     212
     306
     265
     204
     110
     390
     294
     286
     140
     260
     154
     171
     111
     300
     206
     219
     146
     368
     212
     289
     170
     322
     133
      86
      58
     112
      93
      46
      55
      85
      74
      48
      53
     109
     117
      81
      80
     168
     216
     129
     121
     297
     157
     101
      51
     136
      69
      67
      48
     144
      86
      88
      51
     152
      61
      57
      41
     122
      64
      45
      42
      93
      56
      27
      17
      50
      29
      33
      25
      39
      44
      15
      30
      77
      43
      30
      19
      51
      31
      24
      18
      38
      25
      21
      14
      47
      28
      21
      15
      33
      25
      23
       9
      28
      18
      12
      12
      22
       9
      10
      13
      23
      29
      20
      24
      29
      28
      19
      31
      24
      15
      10
      11
      21
       5
      12
      19
       7
       2
       7
       9
      14
      10
       9
       3
      17
       9
       5
       2
      13
      10
       5
       5
       6
       3
       3
       5
       8
      10
      10
       6
      11
       9
       4
       4
       5
      12
       8
      10
      12
       6
       6
       4
       7
       4
       3
       4
       4
       6
       4
       0
       5
       4
       3
       6
       4
       3
       6
       7
       4
       7
       7
       9
       6
       9
       8
      11
       9
       8
      10
      11
       8
       7
       5
       6
       7
       4
       4
       5
       8
       4
       4
       7
       4
       6
       1
       2
       5
       6
       6
       9
      10
       5
       5
      13
       9
       3
       5
       7
      10
       8
       5
       4
       7
       7
       4
       5
       7
       3
       6
      10
       8
       2
       6
       4
      10
       4
       2
       5
       7
       5
       4
       7
       9
      12
       5
       9
      10
      12
       8
      13
       7
       5
       8
      11
      10
       3
       5
       7
      10
      10
       7
       7
      11
       6
       8
       4
       9
       7
       6
       4
       6
       5
       7
      12
       7
       6
      11
       7
       6
       8
       9
       7
       6
      10
       5
       5
       6
       6
       3
       5
       4
       3
       4
       2
       4
       0
       9
       3
       3
       3
       4
       4
       5
       5
       4
       3
       8
       4
       9
       4
       6
      10
       7
       7
       5
       7
      12
       5
       5
       6
       3
       4
       3
       3
       4
       1
      10
       4
       2
       2
       3
       3
       3
       5
       2
       3
       7
       3
       5
       6
       7
       3
       5
       5
       8
       3
       8
       2
       3
      10
       7
       1
       6
       6
       5
       5
       1
       2
       3
       1
       3
       2
       2
       3
       3
       1
       4
       5
       2
       0
       2
       6
       8
       6
       4
       1
       4
       3
       8
       7
       6
       3
       3
       8
       6
       6
       4
       5
       3
       6
       6
       1
       3
       2
       3
       1
       1
       5
       5
       1
       5
       2
       5
       6
       3
       5
       5
       8
       3
       2
       3
       6
       3
       2
       3
       2
       0
       7
       4
       4
       1
       2
       2
       0
       2
       2
       3
       1
       4
       1
       2
       2
       6
       3
       3
       4
       7
       7
       4
       6
       8
       5
       5
       7
       5
       5
       8
       3
       2
       4
       3
       2
       2
       2
       5
       3
       0
       2
       2
       9
       4
       1
       3
       2
       3
       6
       4
       4
       5
       2
       3
       7
       5
       5
       3
       6
       6
      11
       4
       6
       6
       7
       4
       1
       3
       2
       3
       1
       4
       3
       4
       3
       1
       2
       4
       1
       4
       4
       4
       2
       3
       4
       4
       5
       4
       8
       7
       4
       4
       5
       7
       4
       5
       8
       3
       4
       3
       5
       8
       3
       2
       3
       6
       3
       3
       6
       2
       4
       8
       1
       5
       5
       9
       5
       0
       4
       5
       4
       8
       1
       6
       5
       3
       4
       0
       4
       5
       0
       3
       3
       2
       1
       4
       0
       0
       2
       2
       2
       2
       5
       6
       2
       7
       5
       6
       5
       3
       7
       7
       4
       3
       4
       5
       5
       7
       5
       3
       0
       3
       9
       4
       4
       6
       7
       3
       4
       7
       1
       1
       3
       3
       1
       4
       5
       2
       1
       4
       1
       5
      10
       5
       3
       7
       3
       4
       4
       5
       1
       6
       2
       4
       7
       4
       4
       1
       1
       1
       3
       2
       2
       2
       2
       2
       4
       6
       1
       5
       7
       7
       5
       5
       7
       6
       2
       8
       4
       6
       6
      10
      11
       4
       2
       4
       5
       3
       2
       1
       8
       8
       1
       3
       0
       8
       4
       5
       4
       6
       3
       0
       0
       5
       4
       9
       6
       8
       8
       4
       9
       8
       8
       6
       4
       3
       3
       3
       4
      10
       2
       3
       1
       3
       0
       3
       0
       1
       3
       2
       4
       6
       7
       7
       7
       7
       8
       6
      11
       2
      10
       9
       5
       4
      11
       3
       1
       2
       3
       6
       3
       4
       3
       5
       4
       3
       7
       4
       3
       2
       3
      11
       5
       9
       8
       4
       9
       2
       6
       5
       2
       9
       3
       7
       4
       6
       6
       1
       5
       6
       4
       3
       4
       3
       2
       3
       6
       3
       1
       4
       1
       2
       4
       4
       3
       9
       4
       8
       3
       7
       3
       6
       5
      10
       9
      12
       3
      14
       7
       5
       2
      12
       6
       5
       8
       7
       8
       5
       3
       7
       8
       6
       5
       4
       3
       2
       5
      10
       9
       4
       8
       1
       3
       8
       5
       5
       7
       4
       3
       2
       8
       4
       3
       2
       5
       3
       2
       1
       3
       2
       2
       3
       4
       4
       6
       4
       1
       2
       0
       8
       5
       7
       5
       5
       5
       8
       3
       7
      12
       2
       9
       5
       8
       6
       4
       2
       6
       7
       5
       4
       3
       5
       1
       7
       7
       1
       3
       5
       3
       2
       2
       5
       0
       1
       3
       5
       4
       6
       6
       2
       9
       8
       5
      11
       6
       7
       4
       3
       2
       5
       2
       1
       2
       3
       2
       1
       4
       2
       2
       0
       2
       5
       3
       3
       5
       3
       5
       4
       5
       7
       2
       5
       7
       4
      10
       4
       6
      10
       8
       7
       5
       5
       8
       5
       6
       2
       4
       1
       1
       4
       3
       3
       4
       3
       2
       4
       5
       6
       3
       1
       3
       6
       5
       3
       4
       5
       4
       5
       4
      10
       5
       4
       3
       1
       6
       1
       1
       3
       5
       0
       1
       6
       3
       5
       1
       4
       2
       5
       1
       3
       0
       6
       5
       1
       6
       4
       4
       4
       8
       4
       6
       3
       1
       2
       2
       3
       5
       2
       0
       1
       0
       3
       1
       2
       2
       3
       0
       2
       3
       2
       1
       2
       0
       2
       1
       2
       6
       0
       0
       4
       4
       2
       2
       6
       3
       0
       0
       0
       3
       0
       2
       2
       0
       2
       1
       1
       0
       3
       2
       1
       0
       2
       0
       0
       0
       3
       2
       1
       0
       1
       2
       3
       2
       0
       1
       3
       2
       2
       2
       3
       1
       5
       0
       0
       1
       0
       0
       0
       1
       0
       1
       1
       2
       0
       0
       2
       1
       1
       0
       1
       1
       1
       1
       1
       1
       0
       0
       0
       0
       0
       3
       0
       0
       0
       0
       0
       1
       0
       0
       0
       0
       0
       0
       0
       0
       0
       0
       1
       1
       0
       1
       0
       0
       1
       2
       1
       0
       0
       0
       0
       1
       0
       0
       1
       1
       0
       1
       0
       0
       0
       0
       0
       0
       1
       0
       1
       0
       0
       1
       0
       0
       1
       0
       0
       0
       0
       0
       0
       0
       0
       0
       1
       0
       1
       0
       0
       0
       0
       0
       0
       1
       1
       1
       0
       0
       0
       0
       0
       1
       1
       1
       0
       1
       1
       0
       0
       1
       0
       0
       0
       0
       0
       0
       0
       0
       0
       0
       0
       0
       0
       0
       0
       0
       1
       0
       0
       0
       0
       0
       0
       0
       0
       0
       0
       0
       0
       0
       0
       1
       0
       0
       0
       0
       0
       0
       0
       0
       0
       1
       0
       0
       0
       0
       0
       1
       0
       0
       0
       0
       1
       0
       1
       0
       0
       0
       0
       0
       0
       0
       0
       0
       0
       0
       0
       0
       0
       0
       0
       0
       0
       0
       0
       0
       0
       1
       1
       0
       0
       0
       1
       0
       0
       0
       0
       0
       1
       0
       0
       0
       0
       0
       0
       0
       0
       0
       1
       0
       0
       0
       0
       1
       0
       0
       0
       0
       0
       0
       0
       0
       0
       0
       0
       0
       0
       0
       0
       0
       0
       0
       0
       0
       0
       0
       0
       0
       1
       0
       0
       0
       0
       0
       0
       0
       0
       1
       0
       0
       0
       0
       0
       0
       0
       0
       0
       0
       0
       0
       0
       0
       0
       0
       0
       0
       0
       0
       0
       1
       0
       0
       0
       0
       0
       0
       0
       0
       0
       0
       0
       0
       0
       1
       0
       0
       0
       0
       0
       0
       0
       0
       0
       0
       0
       1
       0
       0
       0
       1
       0
       0
       0
       0
       1
       0
       0
       0
       0
       0
       0
       0
       0
       0
       0
       0
       0
       0
       0
       0
       0
       0
       0
       0
       0
       0
       0
       0
       1
       0
       0
       0
       0
       1
       0
       0
       1
       0
       1
       0
       0
       0
       0
       0
       0
       0
       0
       0
       0
       0
       0
       0
       0
       0
       0
       0
       0
       0
       0
       1
       0
       0
       0
       0
       0
       0
       0
       0
       1
       0
       0
       0
       0
       0
       0
       0
       0
       0
       0
       1
       0
       0
       0
       0
       1
       0
       1
       0
       0
       0
       0
       1
       0
       0
       0
       1
       0
       0
       1
       0
       0
       0
       0
       0
       0
       0
       0
       0
       0
       0
       0
       0
       0
       0
       0
       0
       0
       0
       0
       1
       0
       1
       0
       0
       0
       0
       0
       0
       1
       0
       0
       0
       0
       0
       2
       0
       0
       0
       0
       0
       0
       0
       0
       0
       0
       0
       0
       0
       0
       1
       0
       0
       0
       0
       0
       0
       0
       0
       0
       0
       0
       0
       0
       0
       0
       0
       1
       0
       0
       0
       0
       0
       0
       0
       0
       0
       0
       0
       0
       0
       0
       0
       0
       0
       0
       0
       0
       0
       0
       0
       0
       0
       0
       0
       0
       0
       0
       0
       0
       0
       0
       1
       0
       0
       0
       0
       0
       1
       0
       0
       0
       0
       0
       0
       0
       0
       0
       0
       0
       0
       0
       1
       0
       0
       0
       0
       0
       0
       0
       0
       0
       0
       0
       0
       0
       0
       0
       0
       0
       0
       0
       0
       0
       0
       0
       0
       0
       0
       0
       0
       0
       1
       0
       0
       0
       0
       0
       0
       0
       0
       0
       0
       0
       0
       0
       0
       0
       0
       0
       0
       0
       0
       0
       0
       0
       0
       0
       0
       0
       0
       0
       0
       0
       1
       0
       0
       0
       0
       0
       0
       0
       0
       0
       0
       0
       0
       0
       0
       0
       0
       0
       0
       0
       0
       0
       0
       0
       0
       0
       0
       0
       0
       0
       0
       0
       0
       0
       0
       0
       0
       1
       0
       0
       0
       0
       0
       0
       0
       0
       1
       0
       0
       0
       0
       0
       0
       0
       1
       0
       0
       0
       0
       0
       0
       0
       0
       0
       0
       0
       0
       0
       0
       0
       0
       1
       0
       0
       0
       0
       1
       0
       0
       0
       0
       1
       0
       0
       0
       0
       0
       0
       0
       0
       0
       0
       1
       0
       0
       0
       0
       1
       0
       0
       0
       0
       1
       0
       0
       0
       0
       0
       0
       0
       0
       1
       0
       0
       0
       0
       0
       0
       0
       0
       0
       0
       0
       0
       0
       0
       0
       0
       0
       0
       0
       0
       0
       1
       0
       0
       0
       0
       0
       1
       0
       0
       0
       0
       0
       0
       0
       0
       0
       0
       0
       0
       0
       0
       0
       1
       0
       0
       0
       0
       0
       0
       0
       0
       0
       0
       0
       0
       0
       0
       0
       0
       0
       0
       0
       0
       0
       0
       0
       0
       0
       0
       0
       0
       0
       0
       0
       0
       0
       0
       0
       0
       0
       0
       0
       0
       0
       0
       0
       0
       1
       0
       0
       0
       0
       0
       0
       0
       0
       1
       0
       0
       0
       0
       0
       0
       0
       0
       0
       0
       0
       0
       0
       0
       0
       0
       0
       0
       0
       0
       0
       0
       0
       0
       0
       0
       0
       0
       0
       2
       0
       0
       0
       0
       0
       2
       0
       0
       0
       0
       0
       0
       0
       0
       0
       0
       0
       0
       0
       0
       0
       0
       0
       0
       0
       0
       0
       0
       0
       0
       0
       0
       0
       0
       0
       0
       0
       0
       0
       0
       0
       0
       0
       0
       0
       0
       0
       0
       0
       0
       0
       0
       0
       0
       0
       0
       0
       0
       0
       0
       0
       0
       0
       1
       0
       0
       0
       0
       1
       2
       1
       0
       0
       0
       0
       0
       0
       0
       0
       0
       0
       0
       0
       0
       0
       0
       1
       0
       0
       1
       0
       0
       0
       0
       0
       0
       0
       0
       0
       0
       0
       0
       0
       0
       0
       0
       0
       0
       0
       0
       0
       0
       0
       0
       0
       0
       0
       0
       0
       0
       0
       0
       0
       0
       0
       0
       1
       0
       0
       1
       0
       0
       0
       0
       0
       0
       0
       0
       0
       0
       0
       0
       0
       0
       0
       1
       0
       0
       0
       0
       0
       0
       0
       1
       1
       0
       0
       0
       0
       0
       0
       0
       0
       0
       0
       0
       0
       0
       0
       0
       0
       0
       0
       0
       0
       0
       0
       0
       0
       0
       0
       0
       0
       0
       0
       0
       0
       0
       0
       0
       1
       0
       0
       0
       0
       0
       0
       0
       0
       0
       0
       0
       0
       1
       0
       0
       0
       0
       1
       0
       0
       0
       0
       0
       0
       0
       0
       0
       0
       0
       0
       1
       0
       1
       0
       0
       0
       1
       0
       0
       0
       0
       0
       0
       0
       0
       0
       0
       1
       0
       1
       0
       0
       1
       0
       0
       0
       0
       0
       0
       0
       0
       1
       1
       0
       0
       0
       0
       0
       0
       1
       0
       0
       0
       0
       0
       0
       0
       0
       0
       0
       1
       1
       0
       1
       1
       0
       2
       0
       2
       1
       2
       0
       7
       0
       3
       1
       2
       0
       2
       0
       0
       0
       1
       0
       0
       0
       0
       0
       0
       0
       0
       0
       2
       0
       0
       0
       1
       1
       1
       4
       2
       1
       3
       1
       0
       2
       3
       1
       3
       0
       5
       0
       2
       0
       3
       3
       3
       1
       1
       0
       5
       1
       2
       0
       2
       3
       5
       0
       6
      10
       4
       1
       4
       5
      11
       3
       7
       3
       5
       1
       3
       4
       4
       2
       0
       2
       1
       1
       2
       0
       0
       0
       1
       4
       1
       4
       5
       3
       3
       5
       2
       9
       5
       4
       5
       2
       3
       4
       9
      11
       9
       3
       6
       7
       5
       7
       5
       4
       5
       0
       9
      11
       6
       2
       1
       3
       6
       3
      12
       7
      12
       4
      15
      10
      13
       9
      11
       9
      14
       8
      12
       8
      17
       6
       7
       9
       5
       4
       1
       1
       2
       1
       2
       2
       4
       2
       3
       9
       5
       8
       6
       3
       6
       7
       9
      12
       7
       9
      11
       9
      14
       9
      14
       9
      11
      16
      15
      14
      11
       5
      13
      13
       5
      10
      18
      11
       9
       8
       8
       9
       9
      15
      13
      17
      21
      10
      19
      23
      17
      15
      14
      13
      15
       8
      12
       7
      15
       7
      10
      13
      12
       5
       5
       7
       5
       3
       3
       4
       6
       2
      10
       8
      10
      12
       7
      12
      13
       9
      17
      14
      13
      12
      22
      10
      22
       5
      24
      16
      18
      17
      17
      17
      18
      15
      14
      12
      16
      18
      14
       9
      16
      11
      14
      12
      11
      13
      18
      17
      11
      17
      25
      21
      11
      15
      14
      14
      16
      15
      21
      15
      12
       9
      14
      13
      13
       9
       7
       7
       1
       7
       6
       9
       6
      10
      15
      15
       8
      15
      23
      16
      14
      13
      15
      17
      22
      19
      19
      18
      19
      12
      19
      14
      22
      18
      18
      16
      11
      14
      14
      13
      16
      16
      15
       9
      19
      14
      14
      11
      13
       9
      16
      13
      21
      15
      19
      14
      20
      18
      29
      18
      17
      16
      22
      22
      19
      12
       7
      17
      19
      17
       9
       6
       7
       8
       6
      15
       7
      11
       7
      16
       5
      10
      20
      20
      11
       8
      16
      17
      16
      19
      11
      28
      24
      19
      29
      32
      16
      23
      17
      18
       5
      15
      14
      17
      16
      20
      24
      13
      28
      16
      11
      17
      18
      12
      14
      21
      16
      11
      16
      23
      15
      22
      21
      19
      16
      21
      14
      14
      19
      10
      11
      12
       6
      16
       7
       9
      11
       9
       4
      11
       8
      18
      10
      14
       6
      22
      14
      22
       9
      19
      22
      15
      20
      14
      16
      20
      31
      19
      25
      24
      17
      16
      18
      19
      21
      21
      17
      17
      14
      17
      18
      15
      19
      14
       8
      16
      11
      14
      13
      15
      21
      14
      28
      23
      24
      18
      21
      19
      18
      14
      18
      21
      21
      13
      20
      11
      11
      10
      13
       7
       6
      10
       8
       6
      13
      12
      16
      11
      10
      16
      19
      11
      18
      12
      19
      16
      16
      16
      18
      15
      19
      19
       8
      12
      18
      11
      15
      20
      15
      17
      12
      12
      15
      16
      14
      18
      16
      14
      12
      13
      14
      15
       9
      23
      12
      15
      16
      11
      24
      15
      15
      16
      17
      11
      18
      17
      17
      12
      14
      10
      14
       7
       2
      10
       5
       8
       3
       7
       5
       7
       9
      11
      14
      10
      15
      17
      14
      10
      23
      22
      19
      17
      16
      17
      19
      23
      20
      17
      25
      18
      28
      25
      14
      10
      10
      14
      12
      11
      15
      17
      10
      20
       8
       9
      14
      16
      12
      15
      18
      14
      22
      12
      20
      18
      18
      12
      11
      19
      14
      14
      34
       9
      20
      17
      12
       7
       8
       7
      11
       3
       7
       5
       7
       7
       6
       8
      11
      19
      18
       8
      18
      22
      25
      12
      18
      16
      17
      14
      26
      20
      21
      24
      22
      15
      21
      14
      14
      19
      21
      17
      15
      13
      19
      16
      11
      12
      15
      13
      15
       5
      10
      17
      17
      16
      20
      19
      13
      12
      13
      20
      15
      18
      16
       9
      13
      12
      17
      14
      10
       7
      10
      10
      11
       7
      14
       6
       8
       6
       7
       8
       9
      12
      12
      21
      17
      22
      18
      17
      14
      21
      17
      17
      20
      20
      19
      23
      18
      15
      19
      19
      16
      18
      16
      23
      16
      11
      10
      18
      17
      22
      15
      18
      19
      21
      16
      30
      16
      22
      20
      28
      27
      24
      20
      18
      17
      13
      23
       8
      19
      11
      10
      11
       9
       7
       2
       2
       4
       4
       6
       5
       1
       8
       8
       7
       9
      17
      11
       6
      14
      14
      16
      12
      19
      14
      16
      13
      20
       8
      21
      20
      17
      18
      22
       6
      19
      15
      19
      18
      16
      10
      17
      17
      10
       6
      10
      14
      18
      17
       7
      10
      13
      15
      21
      17
      21
       5
      14
       5
      13
      10
      13
      19
      17
      20
      11
      12
      13
      15
       4
      12
       3
       4
       7
       3
       3
      12
      11
       7
      11
      10
      11
       9
      11
      13
      15
      16
      12
      17
      16
      13
      14
      21
      13
      14
      22
      14
      19
      10
      15
      13
      14
      20
      15
      13
      12
       9
       9
       3
      12
      10
       2
       8
      10
       9
      10
      13
      14
      10
      23
      13
      12
      13
      19
      15
      16
      16
      20
      12
      10
      14
      18
       9
       2
       8
       6
       8
       4
       8
       3
       7
      15
       6
      14
       9
       6
       8
      11
      10
      14
      15
      21
      21
      26
      23
      16
      16
      19
      18
      14
      11
       9
      13
      13
      21
      19
      18
      14
      12
      20
      18
      20
      18
      17
      14
      17
      14
      10
      13
      16
      15
      11
      16
      12
      14
      18
      16
      16
      14
      11
       9
      13
      13
      20
      15
      15
       7
       9
      11
       6
      13
       6
       5
       6
      15
      10
       7
       8
      13
      13
      15
      18
      14
      19
      19
      21
      13
      22
      17
      18
      10
      12
      18
      20
      17
      14
       8
      16
      13
      19
      19
      21
      13
      16
      19
      16
      12
       8
      11
       6
      11
      11
      16
      17
      21
      20
      19
      26
      23
      13
      14
      20
      15
      13
      14
      18
      13
      10
      15
      13
      11
       2
       7
       6
       6
       5
       7
       7
       5
      12
      13
       6
      11
      11
      17
      14
      11
      11
      13
      19
      17
      14
      15
      21
      17
      11
      11
      16
      15
      18
      19
      15
      13
       9
      12
      15
      12
      20
      11
      16
       9
      14
      18
      12
      19
      10
      11
      16
      10
      21
      13
      19
      14
      27
      17
      13
      20
      18
      12
      10
      11
      12
      12
      12
      11
       1
       3
       7
       8
       3
       4
       8
       9
      15
      10
       6
      11
       7
      16
      18
      15
      12
      11
      11
      20
      10
      12
      26
      13
      16
      18
      22
      14
      18
      15
      15
      16
      15
      12
      20
      13
      20
       9
      14
      10
      12
       6
       6
       6
       7
      10
      13
      13
      15
      17
      14
      16
      13
      10
      14
      19
      16
      16
      19
      12
      15
       7
       4
      13
       5
      10
       6
       7
       7
       6
       9
      11
      11
       8
      12
       8
      15
      15
      11
      10
      16
      10
      12
      17
      12
      16
      19
      14
      19
      20
       9
      14
      14
      23
      13
       6
       9
      12
      20
       8
       8
       8
       9
      16
      20
      13
      10
      16
      17
       9
      10
       5
      11
      14
      12
      10
      11
      12
      18
       7
      17
      13
      12
      12
      15
      13
      16
       9
       4
       8
      10
       4
       6
       7
      11
       5
       8
      13
      11
      14
      10
      12
      18
      12
      10
      16
       7
      16
      22
      12
      21
      12
      17
      14
      16
      14
      17
      11
      13
      13
      14
      19
      11
       9
      10
      14
      16
      12
      15
       8
      15
      13
       8
      15
      17
       8
      10
      22
      20
      15
      11
      11
      15
      14
      12
      14
      18
      11
       6
      10
      11
       8
       5
       2
       4
       3
       2
       6
       4
       7
       6
       5
       6
       4
       8
      18
      17
      12
      15
      13
      14
      21
      14
      17
      10
      16
      10
      17
      17
      21
      15
      11
      11
      14
      11
      18
      11
      13
      11
      10
       9
      10
       4
      14
      12
      14
       8
       4
      12
      11
      17
      11
      12
      20
      13
      17
       8
      10
       8
       8
      10
      13
       7
      12
      12
       8
       2
      10
       9
       9
       4
       5
      12
       7
       5
       5
       9
      13
       9
       7
      10
       8
      14
      15
      18
       6
      13
      18
       8
       9
      11
      12
      11
      13
      12
      12
      10
      16
       6
      10
      15
      19
       9
       8
      14
      12
      13
       8
       2
      10
       6
       9
      11
      17
      10
      13
       8
      15
      12
      12
       8
      11
      16
      11
      12
      14
      12
      10
      11
      10
       6
       4
       7
       7
       2
       4
       6
       8
       5
       6
       5
      10
      11
      10
       7
       9
      10
      12
      17
      11
      18
       6
      14
      10
      13
      14
      11
      15
      13
      18
       6
      18
      14
      10
      12
      13
       7
      13
       9
      18
       9
      11
       6
      13
      10
       9
      12
       5
      19
       6
      12
      11
       7
       5
       9
      16
       6
      16
      14
      11
       7
       9
      10
       8
       4
       6
       4
       7
       2
       5
       9
       7
       6
       7
       9
       8
      15
       3
      10
      12
      13
      10
      12
       9
      21
       7
      13
       6
      12
      10
      11
       9
      10
      10
      11
       9
       9
       9
      13
      12
       6
      12
       9
       7
       6
       8
      10
       9
       6
      11
       8
       8
      11
      12
      18
      15
       5
       8
       9
       9
       9
       5
       6
       6
       7
       8
       9
       9
       5
       3
       5
       4
       3
       4
       4
       5
       4
       5
       3
       9
       7
       3
       5
      10
      13
       6
      11
      15
      13
       8
       3
       8
      17
       9
       9
      10
      11
       8
       9
       8
      11
       7
       8
      11
      12
       9
       8
      10
       7
       6
       7
       8
       2
       9
      10
       9
      10
      12
      13
       7
       9
       9
       7
       8
      12
      12
       4
       6
       8
       7
       4
       6
       8
       7
       2
       5
       2
       3
       4
       8
       7
       8
       7
       5
      12
       8
       9
       7
       7
      11
      12
      15
       7
       8
      13
      13
      13
       9
      16
       6
       5
       9
      10
      14
       9
       9
      11
       7
       5
       5
       7
       8
       6
       4
       4
       5
       8
       5
       5
      12
      10
       6
      11
      11
       9
       7
       9
       5
       8
      20
       8
      10
       7
       6
      11
      11
       4
       4
       7
       5
       5
       5
       9
       2
       4
       4
       3
       7
      12
       7
      11
       5
      11
       9
       6
      10
       9
       8
       9
       5
      16
       9
       9
       8
      12
      11
       8
      11
       9
       8
       9
       8
       9
       7
       3
      12
      10
      10
      10
       2
       7
      11
       8
       6
      13
      12
       7
       5
       2
       7
      10
       5
       6
       7
       8
       5
       4
       3
       5
       6
       2
       5
       7
       1
       3
       6
       3
       3
       3
       4
       6
      10
       5
      10
       6
       7
       7
      12
       9
       7
       7
       4
      13
       8
       5
       8
      13
       6
       8
      10
       6
       4
       9
       9
      14
       7
       7
       7
       3
       8
       3
       4
       4
       7
      10
      11
       6
       7
       7
       7
      12
       9
       6
       7
       9
      11
      10
       7
      11
      10
       5
       4
       3
       3
       1
       3
       2
       2
       4
       4
       3
       3
       7
       5
       6
       6
       3
      12
       4
       7
       6
       7
       8
       8
       8
      12
       5
       7
       8
      10
      10
      12
      11
       9
       4
       4
       4
       9
       4
       6
       8
       8
       4
       5
       5
       8
       6
       4
       5
       5
       9
       5
       8
       9
       4
       6
       5
       3
       5
       6
       4
       9
       3
       3
       5
       4
       8
       5
       3
       2
       3
       5
       0
       2
       1
       3
       2
       6
       6
      10
       6
       5
       6
       2
      10
       9
       4
       9
       9
       5
       8
       9
       9
       6
       9
       8
       6
       4
       7
      11
       4
       4
       7
       3
       4
       1
       9
       6
       3
       1
       4
       2
       3
       6
       3
       4
       4
      11
       6
       4
       5
      11
       6
       6
       5
       4
      13
       5
       4
       6
       8
       3
       1
       1
       2
       3
       2
       2
       3
       4
       6
       4
       4
       8
       7
       2
       8
       9
       3
      10
       1
       8
       4
       2
       3
       8
       6
       6
       6
      10
       6
       5
       6
       5
       4
       8
       6
       9
       5
       6
       5
       5
       2
       3
       6
       4
       3
       4
       4
       3
       3
       3
       4
       5
       7
       8
       6
       5
       4
       6
       3
       3
       4
       2
       4
       3
       5
       1
       3
       3
       4
       2
       3
       1
       2
       2
       3
       7
       4
       6
      10
       7
       1
       8
       8
       5
       2
      10
       7
       6
       5
       5
       3
       9
       4
       4
       7
       9
       6
       2
       4
       2
       9
       3
       4
       1
       3
       6
       3
       3
       3
       5
       6
       5
       4
       6
       2
       3
       3
       6
       4
       5
       9
       6
       6
       3
       3
       4
       2
       4
       1
       0
       2
       1
       2
       1
       0
       3
       3
       2
       5
       2
       3
       2
       6
       4
       5
       5
       5
       4
       1
       6
       4
       5
       3
       4
       3
       6
       7
       6
       2
       2
       5
       2
       5
       5
       2
       3
       5
       4
       8
       3
       4
       2
       4
       2
       1
       2
       1
       4
       4
       4
       2
       3
       1
       7
       0
       1
       3
       5
       2
       5
       5
       1
       3
       1
       2
       2
       1
       1
       1
       0
       0
       0
       0
       8
       3
       4
       3
       3
       5
       5
       1
       4
       5
       5
       3
       6
       7
       1
       3
       0
       2
       1
       4
       3
       4
       2
       1
       0
       4
       3
       2
       1
       3
       1
       0
       1
       0
       0
       1
       1
       2
       2
       1
       4
       1
       2
       1
       0
       2
       1
       2
       5
       3
       3
       3
       2
       4
       1
       2
       3
       0
       0
       1
       0
       2
       2
       1
       3
       2
       5
       2
       3
       0
       4
       1
       1
       0
       2
       2
       4
       3
       3
       2
       2
       3
       1
       1
       1
       3
       1
       2
       0
       2
       2
       0
       5
       1
       2
       1
       4
       1
       0
       1
       5
       2
       2
       0
       2
       1
       1
       1
       2
       0
       2
       1
       4
       2
       2
       0
       1
       1
       1
       1
       1
       1
       0
       0
       2
       2
       0
       0
       0
       0
       0
       2
       2
       3
       3
       0
       1
       3
       3
       1
       1
       1
       3
       1
       1
       0
       2
       2
       1
       1
       1
       1
       3
       0
       1
       0
       3
       0
       2
       0
       3
       1
       0
       0
       3
       0
       1
       1
       1
       0
       1
       0
       0
       1
       0
       0
       1
       0
       2
       2
       1
       0
       0
       1
       0
       0
       0
       0
       2
       1
       1
       1
       1
       0
       0
       1
       2
       1
       2
       0
       0
       0
       0
       1
       0
       2
       3
       0
       1
       2
       0
       0
       0
       0
       0
       0
       0
       2
       0
       0
       0
       1
       0
       0
       0
       0
       0
       0
       1
       2
       1
       0
       0
       1
       0
       0
       0
       0
       0
       0
       0
       0
       1
       0
       0
       0
       0
       1
       0
       0
       0
       0
       1
       1
       1
       0
       0
       0
       1
       0
       0
       0
       0
       0
       0
       0
       0
       0
       0
       0
       1
       1
       1
       0
       0
       0
       0
       0
       0
       0
       0
       2
       0
       0
       0
       0
       0
       0
       0
       0
       1
       0
       1
       0
       1
       0
       0
       0
       0
       0
       1
       0
       0
       0
       0
       0
       0
       0
       0
       1
       0
       0
       1
       0
       0
       1
       1
       0
       0
       0
       0
       0
       0
       1
       1
       0
       0
       0
       0
       0
       1
       1
       0
       0
       0
       1
       1
       0
       0
       0
       0
       0
       1
       0
       0
       0
       2
       0
       0
       0
       3
       0
       0
       0
       0
       0
       0
       0
       0
       1
       0
       0
       0
       0
       1
       0
       0
       1
       0
       0
       0
       0
       0
       2
       0
       0
       0
       1
       0
       0
       0
       0
       0
       1
       1
       0
       0
       0
       0
       0
       0
       0
       0
       1
       0
       1
       1
       1
       0
       0
       1
       0
       0
       0
       0
       0
       0
       0
       0
       0
       0
       0
       0
       0
       1
       0
       0
       0
       0
       0
       0
       0
       0
       0
       0
       0
       0
       0
       0
       1
       0
       0
       0
       0
       0
       1
       0
       0
       0
       0
       0
       0
       0
       0
       1
       1
       1
       0
       0
       0
       0
       0
       0
       0
       0
       0
       1
       0
       0
       0
       0
       0
       1
       0
       0
       0
       0
       0
       0
       0
       0
       0
       0
       1
       0
       0
       0
       0
       0
       0
       0
       0
       0
       0
       0
       0
       0
       0
       0
       0
       0
       0
       0
       0
       1
       0
       0
       0
       0
       0
       1
       0
       0
       0
       0
       0
       0
       0
       0
       0
       0
       0
       0
       0
       0
       0
       0
       0
       1
       0
       0
       0
       0
       0
       0
       0
       0
       0
       0
       0
       0
       0
       0
       0
       0
       0
       0
       0
       0
       0
       0
       0
       1
       0
       0
       0
       0
       0
       0
       0
       0
       0
       0
       0
       0
       0
       0
       0
       0
       0
       0
       0
       0
       0
       1
       0
       1
       0
       0
       0
       0
       0
       0
       0
       0
       0
       0
       0
       0
       0
       0
       0
       0
       0
       0
       0
       0
       0
       0
       0
       0
       0
       0
       0
       0
       1
       0
       0
       0
       0
       0
       0
       0
       0
       1
       0
       1
       0
       0
       0
       0
       0
       0
       1
       0
       0
       0
       0
       0
       0
       0
       0
       1
       0
       0
       0
       0
       0
       0
       0
       1
       0
       0
       0
       0
       0
       0
       0
       0
       0
       0
       0
       0
       0
       0
       0
       0
$ROI:
4
1262 1288
1308 1350
2342 2386
2667 2708
$PRESETS:
None
0
0
$ENER_FIT:
-0.203221 0.496058
$MCA_CAL:
3
-2.032215E-001 4.960577E-001 1.819187E-007 keV
$SHAPE_CAL:
3
2.673912E+000 4.111735E-005 1.880620E-007
