$SPEC_ID:
No sample description was entered.
$SPEC_REM:
DET# 8
DETDESC# Detector #8 - 80% HPGe (Matchmaker MCB 1)
AP# Maestro Version 7.01
$DATE_MEA:
06/11/2025 10:35:47
$MEAS_TIM:
487 651
$DATA:
0 8191
       0
       0
       0
       0
       0
       0
       0
       0
       0
       0
       0
       0
       0
       0
       0
       0
       0
       0
       0
       0
       0
       0
       0
       0
       0
       0
       0
       0
       0
       0
       0
       0
       0
       0
       0
       0
       0
       0
       0
       0
       0
       0
       0
       0
       0
       0
       0
       1
       5
       6
      24
      39
     135
     377
     749
    1186
    1376
    1680
    1739
    1824
    1816
    1844
    1797
    1780
    1821
    1849
    1685
    1690
    1725
    1802
    1720
    1736
    1707
    1729
    1729
    1671
    1733
    1660
    1744
    1676
    1660
    1553
    1695
    1714
    1618
    1587
    1492
    1568
    1470
    1530
    1448
    1447
    1448
    1487
    1498
    1476
    1535
    1443
    1408
    1419
    1394
    1384
    1385
    1324
    1315
    1370
    1319
    1300
    1272
    1312
    1298
    1272
    1221
    1240
    1279
    1280
    1264
    1278
    1323
    1253
    1281
    1269
    1195
    1270
    1328
    1233
    1264
    1226
    1225
    1276
    1215
    1264
    1235
    1251
    1287
    1282
    1271
    1283
    1309
    1344
    1249
    1281
    1348
    1319
    1373
    1350
    1377
    1343
    1392
    1338
    1405
    1420
    1326
    1488
    1427
    1490
    1537
    1445
    1459
    1423
    1489
    1460
    1465
    1519
    1480
    1525
    1524
    1665
    1624
    1699
    1787
    1835
    1930
    1998
    2117
    2041
    2110
    2057
    2087
    2133
    2021
    2152
    1998
    2093
    2048
    1929
    2081
    2058
    2083
    2025
    1983
    2038
    2123
    1986
    2006
    2024
    2010
    2087
    2003
    2078
    2108
    2058
    2030
    2125
    2109
    2076
    2102
    2143
    2129
    2201
    2242
    2156
    2141
    2245
    2207
    2388
    2334
    2362
    2459
    2396
    2397
    2477
    2355
    2403
    2506
    2571
    2689
    2598
    2681
    2726
    2687
    2744
    2851
    2833
    2789
    2827
    3006
    3055
    3251
    3560
    3824
    4398
    4901
    5422
    6552
    8373
   12329
   21430
   32961
   40726
   40247
   33816
   24388
   16048
    9817
    5903
    3594
    2504
    1816
    1596
    1588
    1526
    1529
    1496
    1534
    1490
    1474
    1449
    1428
    1407
    1492
    1435
    1486
    1514
    1368
    1537
    1465
    1494
    1456
    1477
    1416
    1404
    1416
    1446
    1402
    1496
    1445
    1506
    1477
    1475
    1425
    1448
    1530
    1473
    1427
    1495
    1473
    1536
    1499
    1537
    1560
    1610
    1587
    1630
    1691
    1669
    1622
    1635
    1641
    1639
    1640
    1658
    1616
    1652
    1624
    1631
    1643
    1676
    1593
    1593
    1632
    1634
    1576
    1517
    1564
    1549
    1533
    1588
    1570
    1595
    1597
    1550
    1558
    1590
    1571
    1611
    1556
    1587
    1567
    1582
    1544
    1589
    1545
    1608
    1509
    1601
    1557
    1583
    1579
    1633
    1592
    1543
    1566
    1626
    1558
    1552
    1572
    1519
    1579
    1564
    1543
    1549
    1554
    1599
    1567
    1632
    1581
    1535
    1623
    1569
    1639
    1584
    1615
    1577
    1537
    1581
    1608
    1622
    1617
    1544
    1604
    1620
    1601
    1640
    1631
    1635
    1651
    1551
    1632
    1653
    1607
    1616
    1548
    1525
    1659
    1614
    1550
    1562
    1533
    1625
    1546
    1517
    1508
    1558
    1513
    1545
    1534
    1489
    1475
    1450
    1472
    1441
    1461
    1410
    1411
    1472
    1438
    1489
    1488
    1457
    1466
    1473
    1444
    1372
    1413
    1435
    1399
    1433
    1433
    1400
    1401
    1423
    1480
    1488
    1422
    1406
    1387
    1381
    1459
    1367
    1396
    1453
    1422
    1413
    1439
    1405
    1416
    1272
    1382
    1426
    1449
    1370
    1349
    1294
    1393
    1313
    1291
    1412
    1387
    1309
    1300
    1279
    1347
    1301
    1312
    1313
    1323
    1264
    1303
    1280
    1301
    1268
    1280
    1297
    1285
    1312
    1261
    1278
    1312
    1259
    1292
    1248
    1249
    1262
    1328
    1334
    1329
    1360
    1529
    1575
    1710
    1913
    2205
    2817
    4173
    6646
    8827
    9931
    9196
    7182
    5206
    3569
    2577
    1949
    1765
    1542
    1318
    1266
    1172
    1262
    1230
    1199
    1164
    1184
    1144
    1106
    1092
    1034
    1127
    1144
    1087
    1114
    1060
    1075
    1101
    1067
    1024
    1040
     998
    1083
    1021
    1042
    1080
    1064
    1034
    1022
    1067
    1036
    1036
    1012
     975
     988
    1030
    1046
     996
    1007
    1020
    1000
    1074
    1077
    1066
     998
    1017
    1014
     942
     990
    1004
     981
    1035
     996
    1044
    1045
     968
    1011
     974
     975
     914
     982
     998
     988
     959
     940
     946
     934
     942
     925
     950
     972
     964
     901
     917
     914
     908
     938
     993
     982
     920
     932
     943
     937
     985
     939
     988
     966
     999
     992
     987
    1004
    1167
    1281
    1365
    1333
    1267
    1163
    1115
    1020
     893
     869
     917
     939
     903
     902
     857
     908
     859
     926
     890
     823
     937
     866
     858
     976
     848
     933
     881
     835
     843
     864
     874
     896
     892
     880
     892
     866
     872
     838
     913
     905
     901
     882
     919
     862
     863
     850
     906
     965
     899
     848
     843
     892
     886
     845
     854
     822
     892
     856
     904
     891
     894
     957
     904
     914
     902
     913
     867
     913
     889
     971
    1007
     979
     874
     889
     872
     899
     878
     837
     863
     812
     823
     796
     837
     907
     831
     909
     897
     984
    1041
    1192
    1318
    1720
    2002
    2559
    3292
    4540
    7616
   13720
   21464
   26660
   27023
   22578
   16259
   10598
    6082
    3533
    2026
    1283
    1056
     854
     834
     793
     731
     804
     844
     787
     758
     757
     764
     751
     727
     713
     737
     721
     702
     714
     722
     726
     738
     716
     695
     718
     644
     701
     711
     721
     682
     712
     731
     764
     708
     814
     934
    1078
    1174
    1439
    1481
    1407
    1344
    1133
    1006
     833
     736
     674
     688
     634
     602
     602
     638
     635
     668
     561
     669
     654
     644
     654
     639
     639
     587
     630
     609
     650
     638
     622
     623
     621
     650
     594
     604
     652
     628
     653
     626
     647
     640
     620
     671
     649
     580
     576
     607
     635
     628
     606
     604
     597
     555
     601
     594
     584
     622
     604
     576
     595
     615
     566
     584
     606
     569
     605
     584
     586
     576
     583
     602
     627
     622
     653
     635
     602
     631
     585
     555
     628
     651
     630
     687
     730
     714
     838
     934
    1228
    1668
    2127
    2370
    2265
    1873
    1494
    1155
     814
     735
     609
     699
     692
     664
     704
     661
     660
     645
     614
     634
     614
     564
     583
     538
     571
     575
     566
     547
     586
     617
     579
     575
     570
     567
     587
     538
     533
     560
     567
     584
     566
     540
     586
     576
     580
     558
     549
     523
     589
     575
     571
     548
     557
     566
     605
     546
     591
     562
     602
     596
     630
     709
     695
     755
     786
    1030
    1304
    1965
    2691
    3011
    2845
    2482
    1937
    1306
    1021
     770
     655
     639
     626
     574
     532
     592
     547
     558
     550
     597
     596
     568
     577
     604
     562
     536
     582
     506
     548
     597
     547
     609
     545
     553
     559
     558
     557
     598
     598
     575
     574
     557
     601
     560
     535
     560
     584
     579
     588
     567
     518
     523
     544
     579
     524
     496
     563
     546
     542
     536
     544
     528
     538
     551
     521
     518
     562
     548
     551
     542
     523
     565
     551
     525
     534
     527
     552
     548
     581
     552
     552
     569
     556
     593
     516
     550
     600
     547
     529
     580
     640
     664
     832
     792
     856
     691
     661
     637
     571
     540
     572
     539
     539
     539
     585
     561
     573
     526
     554
     549
     549
     580
     541
     590
     507
     561
     546
     502
     598
     544
     596
     646
     613
     657
     627
     621
     576
     557
     567
     561
     559
     489
     501
     555
     566
     550
     578
     598
     638
     621
     565
     589
     597
     575
     532
     493
     551
     514
     556
     530
     589
     555
     539
     515
     555
     557
     561
     605
     561
     526
     579
     562
     554
     541
     535
     532
     558
     593
     524
     574
     569
     544
     544
     535
     524
     546
     514
     488
     570
     561
     517
     546
     558
     574
     574
     573
     579
     571
     575
     540
     566
     554
     572
     551
     608
     530
     557
     568
     532
     554
     516
     551
     514
     554
     566
     554
     568
     540
     578
     519
     542
     523
     523
     526
     561
     544
     564
     525
     551
     534
     591
     538
     586
     549
     543
     561
     514
     539
     567
     571
     550
     528
     611
     563
     544
     534
     578
     570
     547
     580
     633
     648
     740
     722
     873
     877
     971
     855
     788
     841
     700
     705
     643
     616
     624
     539
     545
     566
     596
     556
     591
     559
     557
     511
     586
     555
     602
     562
     596
     543
     540
     531
     540
     570
     584
     573
     548
     530
     554
     605
     568
     560
     599
     573
     586
     607
     638
     686
     727
     823
     784
     799
     737
     645
     640
     537
     541
     550
     550
     548
     628
     640
     606
     583
     577
     570
     541
     530
     479
     534
     521
     504
     530
     505
     511
     531
     502
     488
     480
     527
     514
     526
     457
     492
     480
     490
     483
     522
     487
     492
     494
     516
     521
     486
     479
     501
     525
     508
     500
     465
     504
     462
     489
     504
     471
     539
     501
     489
     460
     468
     525
     516
     512
     482
     443
     467
     481
     468
     524
     496
     449
     489
     443
     496
     480
     471
     491
     476
     431
     507
     474
     478
     501
     479
     491
     497
     498
     471
     494
     498
     445
     446
     432
     474
     491
     464
     458
     481
     509
     491
     443
     471
     436
     509
     464
     505
     495
     497
     440
     479
     485
     454
     504
     478
     489
     464
     455
     470
     488
     481
     474
     467
     479
     470
     495
     481
     469
     448
     473
     449
     483
     495
     465
     476
     451
     484
     474
     484
     495
     480
     542
     588
     577
     501
     493
     467
     526
     507
     500
     447
     503
     478
     455
     494
     472
     456
     492
     458
     499
     470
     465
     435
     435
     441
     473
     449
     484
     499
     445
     479
     439
     455
     489
     461
     513
     504
     552
     593
     603
     572
     574
     524
     560
     636
     678
     729
     689
     727
     643
     564
     561
     527
     470
     426
     426
     467
     467
     473
     460
     521
     526
     556
     625
     703
     863
     949
    1041
     950
     845
     724
     650
     580
     571
     510
     498
     532
     469
     464
     505
     454
     462
     450
     419
     434
     462
     435
     433
     467
     471
     471
     418
     463
     450
     431
     453
     464
     494
     434
     475
     430
     491
     469
     486
     455
     516
     477
     463
     476
     442
     486
     484
     554
     507
     555
     536
     543
     511
     528
     459
     510
     501
     490
     477
     477
     535
     580
     621
     654
     698
     641
     623
     623
     628
     734
     792
     953
     900
     821
     731
     620
     624
     536
     521
     470
     458
     477
     475
     493
     433
     479
     441
     437
     466
     480
     456
     450
     514
     480
     451
     464
     487
     467
     472
     475
     474
     457
     456
     507
     480
     462
     474
     444
     483
     463
     468
     460
     447
     501
     482
     488
     447
     500
     450
     460
     466
     486
     472
     491
     491
     501
     495
     488
     513
     502
     500
     507
     491
     541
     554
     614
     574
     627
     616
     607
     540
     535
     557
     557
     462
     475
     480
     518
     502
     481
     518
     471
     513
     535
     563
     604
     579
     535
     538
     481
     465
     494
     537
     497
     500
     498
     490
     477
     434
     459
     492
     493
     490
     595
     602
     713
     849
    1041
    1254
    1766
    2766
    4403
    6228
    7453
    7385
    6193
    4630
    3150
    2079
    1286
     878
     641
     569
     497
     459
     492
     484
     488
     454
     462
     474
     441
     469
     419
     465
     454
     505
     435
     464
     425
     458
     457
     425
     439
     462
     433
     423
     412
     449
     435
     422
     401
     441
     394
     436
     422
     402
     403
     411
     411
     412
     420
     427
     453
     430
     410
     448
     426
     439
     437
     437
     421
     484
     504
     510
     594
     620
     556
     611
     556
     543
     499
     499
     453
     425
     403
     432
     459
     438
     434
     424
     435
     455
     400
     430
     418
     470
     386
     447
     425
     427
     439
     440
     421
     435
     405
     421
     411
     427
     413
     397
     412
     437
     389
     421
     418
     403
     437
     394
     439
     407
     398
     423
     424
     446
     410
     413
     423
     400
     444
     418
     375
     420
     435
     446
     427
     405
     496
     474
     496
     521
     498
     516
     483
     464
     429
     460
     457
     435
     445
     451
     442
     415
     401
     422
     443
     401
     417
     470
     455
     435
     423
     438
     409
     426
     436
     426
     411
     473
     433
     435
     453
     422
     414
     407
     457
     418
     419
     430
     462
     451
     428
     453
     505
     545
     573
     663
     876
    1112
    1523
    2064
    2471
    2485
    2073
    1712
    1254
     946
     721
     583
     523
     531
     562
     624
     703
     682
     623
     601
     523
     507
     424
     414
     466
     452
     457
     415
     411
     425
     452
     440
     428
     439
     433
     417
     426
     400
     412
     450
     439
     423
     434
     421
     397
     423
     394
     409
     429
     404
     403
     417
     405
     404
     421
     431
     435
     434
     422
     421
     428
     425
     459
     418
     440
     436
     452
     401
     442
     419
     471
     472
     409
     459
     454
     427
     401
     371
     431
     409
     399
     398
     377
     361
     344
     371
     355
     367
     331
     345
     367
     346
     307
     320
     312
     350
     332
     317
     349
     306
     357
     351
     348
     356
     364
     380
     410
     411
     550
     565
     513
     491
     462
     404
     376
     363
     344
     345
     309
     356
     381
     430
     438
     412
     440
     397
     383
     389
     373
     376
     342
     394
     336
     358
     315
     354
     341
     319
     321
     322
     355
     341
     299
     301
     327
     325
     323
     294
     320
     319
     320
     280
     318
     317
     336
     310
     297
     298
     286
     286
     297
     292
     334
     287
     324
     290
     310
     302
     287
     310
     312
     292
     291
     278
     288
     287
     300
     303
     327
     254
     286
     295
     282
     281
     267
     317
     326
     324
     402
     466
     562
     674
     874
    1087
    1457
    2096
    3429
    5028
    6652
    7329
    6962
    5705
    4112
    2755
    1653
    1078
     593
     496
     432
     373
     351
     327
     312
     307
     334
     327
     327
     315
     307
     289
     297
     313
     329
     315
     283
     281
     290
     284
     308
     285
     248
     270
     305
     271
     258
     293
     269
     249
     284
     283
     259
     266
     284
     283
     243
     290
     289
     326
     322
     326
     316
     341
     323
     312
     283
     301
     281
     273
     269
     278
     326
     349
     360
     467
     399
     470
     396
     346
     315
     291
     291
     278
     295
     287
     318
     305
     366
     404
     521
     603
     782
     850
     815
     726
     581
     468
     382
     315
     269
     250
     256
     281
     225
     242
     265
     255
     245
     261
     231
     219
     261
     244
     247
     238
     251
     270
     249
     250
     246
     217
     232
     228
     265
     249
     258
     232
     256
     268
     240
     259
     254
     259
     227
     245
     223
     230
     254
     240
     230
     221
     265
     237
     245
     220
     257
     210
     280
     239
     234
     228
     234
     231
     205
     238
     267
     231
     237
     216
     218
     209
     232
     218
     240
     213
     221
     247
     251
     225
     222
     231
     234
     203
     227
     230
     227
     233
     229
     257
     231
     242
     256
     219
     229
     211
     220
     235
     210
     203
     221
     204
     233
     227
     226
     217
     234
     223
     220
     251
     247
     216
     232
     211
     215
     219
     224
     219
     244
     219
     244
     222
     236
     217
     222
     182
     248
     237
     222
     250
     231
     244
     256
     221
     205
     226
     220
     225
     213
     230
     235
     243
     244
     230
     249
     247
     257
     212
     217
     238
     245
     257
     272
     236
     298
     304
     396
     408
     589
     706
     862
    1104
    1640
    2454
    3711
    4755
    5214
    5041
    4220
    3047
    2119
    1665
    1290
    1186
    1156
     986
     848
     680
     562
     381
     322
     274
     269
     233
     239
     241
     253
     231
     248
     245
     277
     248
     232
     230
     236
     238
     238
     226
     221
     220
     263
     242
     235
     230
     249
     284
     281
     329
     322
     411
     565
     743
     913
    1189
    1624
    2274
    3468
    4826
    6115
    6554
    5886
    4664
    3322
    2216
    1354
     816
     598
     372
     343
     317
     308
     293
     285
     262
     317
     335
     330
     355
     414
     484
     564
     543
     523
     537
     426
     364
     318
     290
     281
     264
     265
     235
     221
     254
     238
     242
     244
     234
     231
     237
     236
     264
     211
     218
     234
     243
     217
     241
     227
     218
     242
     249
     237
     221
     231
     226
     240
     246
     209
     229
     240
     230
     227
     234
     230
     223
     242
     210
     232
     247
     236
     240
     224
     195
     214
     220
     210
     225
     215
     212
     220
     209
     211
     210
     220
     233
     233
     245
     221
     235
     220
     219
     242
     236
     231
     238
     232
     223
     252
     229
     236
     227
     243
     198
     238
     233
     250
     236
     228
     264
     221
     244
     220
     253
     282
     256
     276
     250
     266
     286
     250
     268
     262
     247
     257
     229
     277
     222
     273
     252
     279
     240
     235
     237
     242
     256
     243
     237
     252
     250
     259
     239
     258
     238
     229
     241
     240
     246
     269
     230
     233
     243
     228
     228
     238
     230
     256
     227
     229
     228
     222
     235
     218
     205
     212
     219
     208
     172
     187
     209
     206
     208
     196
     187
     200
     165
     189
     172
     188
     175
     195
     209
     169
     199
     203
     221
     211
     207
     198
     198
     189
     227
     233
     210
     242
     264
     302
     318
     367
     448
     609
     682
     679
     673
     580
     441
     341
     279
     239
     199
     205
     183
     192
     184
     185
     161
     198
     159
     192
     199
     175
     177
     173
     189
     194
     159
     193
     155
     191
     176
     193
     184
     150
     197
     176
     190
     190
     197
     213
     217
     248
     248
     294
     320
     298
     312
     290
     232
     217
     180
     167
     174
     199
     174
     158
     172
     193
     192
     166
     187
     193
     170
     191
     207
     183
     156
     172
     164
     174
     189
     163
     173
     209
     201
     218
     241
     251
     227
     201
     216
     191
     156
     153
     198
     162
     175
     167
     148
     165
     158
     154
     158
     153
     166
     138
     167
     149
     152
     166
     142
     149
     137
     157
     147
     148
     129
     140
     145
     133
     128
     126
     118
     133
     121
     138
     138
     154
     186
     191
     230
     212
     290
     370
     477
     567
     669
     655
     609
     459
     375
     304
     240
     169
     138
     131
     151
     145
     148
     123
     132
     153
     156
     138
     147
     143
     151
     131
     134
     116
     135
     144
     136
     126
     135
     117
     138
     134
     125
      96
     137
     152
     160
     168
     164
     169
     155
     168
     176
     191
     205
     253
     302
     407
     546
     650
     698
     681
     615
     467
     324
     257
     199
     143
     137
     143
     140
     126
     118
     109
     111
     110
     123
     138
     112
     119
     115
     122
     122
     101
     121
      98
     120
      91
      93
      90
     119
     103
      90
     104
     117
     103
     116
      91
      91
      89
      87
      95
      92
      88
      99
      91
     106
      90
      79
      81
      90
      73
      77
      70
      77
      87
      97
      82
      98
      81
     105
      83
      97
      85
      99
      85
      97
     101
      98
     114
      93
     105
      92
     102
      90
      93
     102
      83
      89
      75
      90
      81
      79
      79
      65
      82
      74
      72
      79
      79
      78
      69
      81
      88
      83
      78
      71
      76
      89
      77
      71
      61
      70
      80
      77
      75
      89
      71
      70
      65
      70
      69
      76
      71
      79
      70
      66
      71
      67
      63
      69
      69
      78
      57
      77
      57
      68
      70
      78
      84
      70
      93
      73
      76
      79
      69
      62
      86
      63
      47
      48
      70
      77
      52
      60
      70
      76
      82
      55
      57
      87
      62
      67
      51
      70
      74
      53
      75
      53
      65
      79
      65
      61
      76
      60
      60
      72
      70
      68
      60
      77
      56
      44
      63
      50
      75
      57
      63
      69
      53
      60
      60
      58
      70
      66
      57
      56
      58
      49
      49
      62
      61
      62
      77
      66
      62
      76
      66
      90
      88
      75
      62
      83
      87
      69
      91
     110
     194
     257
     452
     643
     919
    1234
    1568
    2060
    2710
    3960
    5615
    7240
    7870
    7593
    6392
    4790
    3236
    2108
    1234
     751
     467
     315
     261
     223
     220
     189
     211
     164
     170
     168
     189
     151
     126
     120
     136
     113
     145
     125
     130
     141
     119
     120
      91
     116
      95
     123
     124
     122
      86
     105
      89
     121
     120
      84
     104
      78
     111
      97
     125
      94
     104
     129
     127
     112
     134
     129
     104
      90
      96
      87
     103
      88
      90
      83
      87
      82
      85
      72
      64
      90
      86
      90
      88
      73
     107
      94
      96
      68
      95
      64
      95
      77
     118
      71
      93
      82
      79
      74
      77
      59
      83
      74
      84
      79
      96
     110
     100
     111
     158
     184
     210
     261
     267
     253
     229
     186
     136
     131
     119
      98
     105
     102
      88
      71
      71
      84
      81
      52
      91
      66
      76
      52
      67
      60
      69
      51
      77
      69
      63
      59
      73
      58
      69
      52
      85
      68
      70
      72
      89
      90
      85
      80
     120
      97
     109
      69
      89
      79
      75
      74
      84
      61
      94
      60
      45
      44
      57
      42
      53
      56
      50
      54
      61
      56
      56
      44
      73
      79
      74
      64
      89
      86
      88
      78
      88
     105
     104
      84
     100
      88
      65
      61
      78
      54
      82
      70
     104
      84
     103
      85
     102
      88
      93
      76
      91
      97
      94
      61
      96
     107
      82
      61
     111
      94
      87
      71
      95
      98
      87
      79
      92
      85
      95
      71
      94
      70
      79
      65
      63
      62
      92
      79
      66
      73
      77
      71
      93
      70
      84
      83
     124
      94
     114
      99
     143
     107
     205
     167
     238
     218
     292
     273
     368
     391
     394
     435
     474
     418
     356
     326
     250
     204
     191
     134
     178
     128
     157
     110
     133
     102
     122
     109
     108
      81
     101
      89
     109
     112
     101
      94
     141
     113
      95
      73
     117
     110
     101
      61
      94
      63
      81
      65
      76
      68
      83
      53
     102
      69
      82
      57
      75
      53
     128
     123
     280
     230
     210
     195
     346
     295
     326
     278
     504
     330
     480
     310
     512
     306
     444
     228
     288
     207
     307
     134
     193
     138
     117
      86
     170
     117
     164
     126
     278
     197
     246
     144
     230
     173
     284
     124
     250
     180
     307
     206
     446
     316
     466
     238
     481
     288
     477
     192
     304
     173
     214
     147
     248
     162
     134
     121
     194
     170
     155
      97
     122
     106
     127
     139
     414
     391
     702
     403
    1144
     864
     928
     697
    1191
    1076
    1039
     811
    1235
     990
    1293
     718
     835
     565
     761
     383
     392
     322
     399
     253
     446
     294
     246
     165
     324
     303
     245
     258
     787
     687
     705
     488
     783
     703
    1010
     636
    1072
     985
    1204
    1019
    1462
    1341
    1596
     892
     912
     681
     798
     427
     386
     335
     340
     220
     377
     271
     408
     186
     272
     224
     319
     204
     512
     461
     422
     487
    1160
    1115
    1589
     978
    1444
    1112
    1140
    1060
    1541
    1746
    1163
    1211
    1632
    1436
    1857
    1432
    1234
    1120
    1384
    1183
    1514
    1662
    1439
    1096
    1317
    1278
    1036
     948
    1288
    1368
    1309
    1376
    2027
    2110
    2024
    1944
    1947
    2016
    2025
    1814
    1845
    1926
    1879
    1720
    1233
    1243
    1122
     982
     667
     674
     672
     610
     739
     778
     714
     761
     760
     801
     694
     772
     839
     924
     905
     865
    1301
    1573
    1583
    1748
    1522
    1749
    1379
    1614
    1762
    1910
    1417
    1729
    1787
    2182
    1477
    1770
    1578
    1860
    1731
    1823
    1551
    1821
    1937
    1935
    1646
    2219
    1860
    2320
    2266
    2291
    1606
    2045
    1892
    2216
    1662
    1995
    1758
    1972
    1864
    2127
    1415
    1676
    1289
    1359
     698
     842
     650
     830
     525
     578
     534
     624
     568
     655
     600
     779
    1215
    1232
    1146
    1522
    1410
    1542
    1423
    1474
    1161
    1453
    1197
    1634
    1197
    1471
    1683
    1691
    1563
    1591
    1614
    1446
    1467
    1336
    1172
    1731
    1421
    1557
    1156
    1620
    1172
    1353
    1430
    1500
     902
     880
     891
    1280
    1128
    1190
    1463
    1475
    1313
    1099
    1092
    1280
     954
     960
     816
    1104
    1004
     979
    1058
     957
     517
     598
     632
     709
     436
     476
     494
     559
     490
     562
     486
     653
     494
     562
     511
     907
     954
     860
    1141
    1163
     992
     846
     976
    1013
     733
     768
     812
     912
     604
     674
     770
     782
     534
     589
     614
     610
     482
     453
     399
     557
     408
     430
     327
     463
     278
     365
     417
     438
     258
     321
     296
     441
     328
     320
     421
     473
     359
     325
     329
     367
     341
     305
     294
     365
     264
     267
     335
     398
     225
     243
     213
     238
     177
     201
     215
     295
     203
     207
     288
     376
     295
     221
     298
     352
     322
     306
     391
     423
     322
     305
     365
     361
     236
     239
     280
     238
     147
     164
     188
     201
     143
     150
     207
     172
     143
     142
     155
     205
     173
     156
     193
     222
     110
     158
     174
     196
     110
     101
     155
     167
     120
     114
     153
     148
     140
     125
     160
     173
     100
     110
     105
     142
     110
      78
     138
     116
      92
      94
     113
     116
      58
      60
      70
     120
      79
      84
     109
      91
      83
      56
     104
     103
      67
      70
     132
     104
      70
      55
      98
      81
      73
      71
     113
      83
      66
      50
      95
      58
      63
      51
      69
      81
      71
      49
      82
      95
      65
      64
      89
      71
      57
      51
      66
      63
      59
      51
      70
      63
      56
      56
      71
      52
      36
      35
      30
      43
      36
      18
      43
      28
      31
      31
      41
      48
      31
      22
      34
      33
      25
      40
      43
      32
      27
      25
      38
      34
      33
      26
      44
      38
      29
      37
      39
      48
      35
      34
      45
      28
      31
      21
      37
      24
      29
      25
      27
      31
      25
      18
      18
      24
      18
      24
      27
      47
      28
      34
      37
      24
      28
      26
      30
      21
      25
      40
      35
      24
      21
      26
      17
      16
      22
      26
      14
      17
      13
      18
      20
      14
      18
      13
      22
      24
      20
      24
      29
      18
      27
      24
      18
      31
      23
      28
      19
      27
      24
      23
      37
      23
      29
      25
      17
      11
      16
      17
      21
      14
      22
      19
      16
      24
      16
      22
      24
      19
      12
      20
      31
       8
      14
      13
      22
      20
      27
      19
      27
      28
      19
      25
      24
      13
      16
      10
      19
      17
      11
      10
      16
      13
      22
      17
      23
      15
       9
      10
      15
       6
      28
      15
      17
      17
      18
      23
      22
      16
      25
      19
      19
      22
      24
      23
      19
      18
      20
      16
      13
      20
      16
      18
      16
      16
      17
      12
      14
      18
      15
       8
      12
      15
      16
      19
      18
      11
      14
      25
      20
      22
      13
      21
      12
      16
       9
      12
      19
      13
      14
      17
      18
      10
      14
      10
      14
      11
       9
       8
      10
      16
      13
      14
      21
      11
      10
      21
      10
      13
      15
      19
      22
      19
      21
      18
      17
      14
      19
      23
      22
      14
      19
      17
      15
      20
      21
      15
      13
       9
      20
      10
      18
      20
      17
      12
       7
      13
      20
      15
      15
      19
      22
      19
      16
      16
      18
      17
      18
      13
      17
      12
      20
      13
      11
      21
      12
       9
       8
       8
      11
      11
       9
      13
      12
       7
      13
      17
       9
       2
      12
      15
      21
      12
      14
      19
      21
      18
      16
      12
      19
      14
      17
       9
      20
      11
      19
      13
      14
      16
      15
      16
      11
      18
      11
      21
      19
      16
      14
      17
      10
       5
      13
      26
      14
      15
      17
      10
      25
       7
      20
      15
      11
      11
      19
      14
      18
      15
      12
      13
      15
       9
      13
      13
      13
       9
      13
      11
       8
       8
      15
      14
      10
      11
      13
      14
      14
      18
      18
       8
      14
      15
      17
      15
      15
      10
      11
      15
      17
      14
      18
      10
      13
      17
      10
       7
      13
      10
      13
      13
      20
      16
       8
      14
      19
       8
       8
      12
      10
      10
      14
      18
      12
      23
      11
      17
      13
      20
      16
      14
      17
      10
      11
       7
      17
      18
       9
      11
       6
      11
       9
       7
       6
       9
       7
      16
      12
      11
      13
      10
      17
       9
      16
      16
      18
      24
      13
      15
      17
      16
      17
      15
      19
      20
      15
      19
      14
      13
      15
      16
      12
      13
      18
      14
      14
       9
       7
      15
      14
       8
      19
      16
      11
      13
      15
      11
      14
      16
      16
      18
      10
      19
      20
       9
      23
      16
      12
      14
      12
       7
       7
       6
      13
       5
      19
      16
      14
      10
       7
      13
      14
      13
      16
      14
      17
      21
      10
      14
      20
      10
       9
      16
      18
      19
      27
      16
      14
      13
      20
      14
       9
      16
      10
       8
      19
       7
      15
       8
      15
      21
       9
      12
      10
      14
      23
      19
      16
      15
      22
      16
      15
      12
      12
      18
      15
      14
      16
      14
      19
      12
      12
       8
      11
      11
       8
      10
      14
      10
       6
       8
      12
       9
       6
       5
       9
      14
      12
      20
      20
      15
      20
      23
      16
      12
      17
      16
      19
      13
      21
      16
      16
      17
      14
      15
      13
      19
      11
      14
      16
      14
      14
      14
      12
      11
       9
      15
      16
      15
      16
      14
       9
      23
      17
       5
      14
       9
      26
      20
      13
      17
      18
      12
      14
      16
      12
       6
      12
      13
       3
       8
       6
      11
      11
       7
       9
      10
      12
       8
      13
      18
      16
       9
      13
      21
      19
      13
       8
      18
      14
      16
      19
       9
      15
      19
      14
      23
      13
      10
       9
      13
       9
      17
      11
      10
      16
      15
      10
      11
       8
      15
      18
      13
      19
      24
      14
      20
      10
      19
      23
      18
      14
      17
      16
      13
      12
      14
      11
      14
      11
       4
       8
       8
       8
       5
      12
      12
       5
       9
      10
       9
       9
      12
       9
      10
      12
       9
      12
      13
      12
      14
      17
      13
      17
      15
      17
      16
      16
      18
      16
      11
       6
      16
      18
      10
      11
       8
      18
      13
      15
      12
      14
      12
      13
       5
      15
      19
       7
      13
      10
       9
      12
       7
      15
       9
      15
      12
      14
      14
      15
      12
      16
      14
      11
       1
       9
       9
      11
      14
      10
       9
      12
       4
       8
       6
       7
       7
      10
      11
       9
      18
      11
      10
      11
      19
       7
      11
       7
      15
      11
      19
       6
      11
      18
      14
       7
      14
      14
      17
      12
      12
      11
      11
       8
       4
       9
      12
      16
       7
      12
      12
       4
       9
      13
      15
       5
      17
       7
       7
       9
       8
       8
      10
       9
      14
      11
       8
       4
       8
      12
       7
       8
       4
       3
       5
       8
       9
      12
       5
       9
       6
       8
       3
       7
       6
       9
       6
      10
      11
      11
       8
       4
       9
       9
      18
      10
       6
       5
       9
       6
       4
       8
       6
       6
       3
      13
      11
      10
       8
       6
      10
       4
       3
       9
      10
       4
       2
       7
       6
       9
       8
       4
       5
       8
       3
       9
       6
       7
       5
       8
       5
       6
       5
       7
       9
       0
       1
       5
       0
       6
       7
       3
       4
       7
       3
       3
       4
       3
       9
      14
       8
      11
       3
       6
       7
       5
       5
       3
       8
       5
       7
       4
       7
       2
       2
       7
       0
       5
       6
       2
       5
       1
       3
       3
       4
       5
       4
       9
       3
       5
       4
       7
       5
       2
       4
       5
       3
       2
       4
       5
       4
       4
       5
       5
       5
       2
       2
       3
       3
       8
       5
       5
       2
       5
       5
       3
       2
       3
       6
       8
       5
       3
       4
       4
       4
       5
       4
       4
       7
       3
       5
       1
       4
       3
       5
       6
       9
       4
       1
       1
       4
       2
       3
       4
       6
       3
       2
       5
       3
       1
       2
       6
       8
       4
       3
       4
       4
       3
       2
       5
       1
       1
       5
       5
       1
       7
       2
       1
       4
       3
       1
       3
       2
       0
       3
       4
       3
       1
       6
       1
       5
       2
       0
       1
       3
       1
       0
       1
       6
       3
       5
       3
       4
       1
       2
       7
       2
       1
       2
       0
       2
       0
       3
       5
       1
       3
       5
       5
       4
       1
       4
       3
       3
       1
       3
       5
       2
       1
       5
       4
       4
       2
       3
       2
       1
       4
       2
       2
       1
       7
       1
       1
       1
       2
       1
       1
       3
       1
       1
       2
       1
       1
       1
       0
       0
       2
       3
       4
       1
       1
       6
       3
       2
       1
       1
       0
       3
       1
       5
       6
       5
       6
       3
       2
       1
       2
       4
       2
       3
       5
       3
       2
       3
       2
       1
       5
       3
       2
       4
       2
       3
       4
       2
       2
       0
       0
       0
       1
       1
       1
       3
       1
       1
       1
       4
       1
       5
       2
       2
       1
       2
       2
       2
       2
       0
       3
       4
       2
       3
       0
       2
       0
       2
       1
       4
       2
       4
       1
       1
       1
       2
       0
       2
       4
       1
       2
       1
       2
       2
       2
       2
       0
       4
       0
       2
       1
       4
       2
       1
       0
       4
       1
       2
       2
       0
       3
       2
       2
       3
       3
       3
       1
       0
       1
       3
       5
       2
       1
       2
       1
       8
       0
       2
       0
       2
       0
       0
       1
       0
       3
       0
       1
       1
       1
       2
       5
       1
       1
       2
       2
       2
       5
       5
       3
       0
       0
       1
       1
       0
       1
       1
       5
       0
       1
       3
       2
       3
       3
       0
       2
       0
       2
       3
       3
       1
       2
       2
       0
       0
       3
       2
       3
       2
       4
       1
       1
       0
       0
       3
       2
       0
       1
       0
       2
       1
       0
       1
       1
       2
       1
       0
       1
       1
       1
       1
       3
       2
       1
       1
       2
       1
       0
       2
       2
       1
       2
       2
       1
       1
       2
       1
       2
       0
       3
       0
       2
       2
       0
       1
       3
       0
       2
       2
       2
       1
       2
       1
       2
       2
       1
       2
       0
       1
       1
       0
       2
       0
       1
       0
       3
       1
       1
       2
       0
       0
       3
       1
       3
       3
       1
       1
       1
       0
       2
       1
       1
       1
       2
       1
       3
       1
       1
       1
       2
       2
       2
       1
       1
       1
       2
       2
       2
       1
       2
       0
       2
       2
       1
       2
       2
       2
       1
       0
       0
       1
       0
       0
       1
       1
       0
       1
       2
       1
       1
       2
       2
       3
       0
       0
       1
       1
       0
       1
       1
       2
       1
       0
       3
       2
       1
       1
       1
       0
       2
       1
       3
       1
       1
       1
       2
       2
       1
       2
       1
       1
       5
       2
       3
       0
       1
       3
       1
       1
       2
       2
       3
       1
       0
       3
       0
       2
       0
       3
       1
       0
       1
       3
       2
       3
       2
       4
       3
       0
       2
       1
       4
       1
       1
       3
       0
       1
       2
       0
       0
       2
       4
       5
       0
       2
       2
       1
       1
       1
       0
       0
       2
       0
       1
       2
       0
       1
       2
       1
       2
       2
       1
       1
       2
       1
       0
       2
       0
       0
       0
       2
       4
       0
       0
       1
       0
       1
       1
       0
       1
       1
       0
       1
       1
       2
       0
       1
       4
       2
       1
       0
       4
       3
       4
       1
       2
       0
       0
       2
       1
       0
       1
       1
       0
       0
       1
       0
       1
       1
       1
       0
       2
       2
       2
       2
       1
       2
       0
       1
       1
       1
       0
       0
       1
       2
       2
       0
       1
       1
       0
       2
       0
       0
       1
       0
       0
       0
       1
       0
       0
       3
       0
       2
       0
       0
       0
       0
       0
       2
       0
       1
       0
       1
       1
       0
       0
       1
       1
       0
       1
       0
       0
       0
       0
       2
       0
       1
       2
       1
       0
       0
       1
       1
       1
       1
       0
       1
       0
       1
       0
       0
       0
       0
       1
       0
       0
       2
       0
       1
       0
       2
       0
       2
       0
       1
       0
       0
       0
       0
       2
       1
       0
       0
       1
       2
       0
       0
       0
       2
       2
       1
       1
       0
       1
       1
       2
       1
       2
       2
       0
       2
       2
       1
       1
       0
       0
       1
       1
       0
       1
       0
       0
       2
       1
       1
       2
       2
       0
       0
       0
       1
       0
       0
       1
       2
       0
       0
       1
       0
       0
       0
       2
       1
       0
       0
       0
       1
       0
       0
       0
       2
       0
       0
       0
       1
       1
       0
       1
       1
       0
       1
       0
       0
       0
       1
       3
       0
       1
       1
       0
       3
       2
       0
       3
       2
       5
       0
       1
       2
       2
       0
       2
       0
       1
       2
       0
       0
       0
       1
       2
       0
       0
       1
       0
       0
       1
       0
       1
       0
       0
       0
       0
       1
       1
       2
       0
       0
       0
       1
       0
       1
       0
       1
       0
       1
       0
       1
       0
       0
       1
       0
       2
       0
       0
       1
       0
       1
       0
       1
       0
       1
       1
       0
       0
       0
       0
       0
       1
       0
       0
       0
       2
       1
       0
       0
       1
       1
       0
       1
       1
       1
       0
       0
       0
       0
       0
       0
       2
       0
       0
       0
       2
       1
       0
       0
       0
       0
       0
       0
       0
       0
       1
       1
       0
       2
       0
       1
       0
       0
       1
       1
       1
       1
       1
       0
       0
       0
       0
       0
       1
       0
       0
       1
       0
       0
       0
       0
       1
       2
       3
       0
       0
       0
       0
       0
       0
       0
       1
       0
       1
       0
       0
       0
       0
       1
       2
       0
       2
       1
       0
       0
       0
       0
       1
       1
       0
       0
       0
       0
       0
       1
       0
       1
       1
       0
       0
       1
       1
       0
       0
       0
       1
       0
       0
       0
       1
       0
       0
       0
       0
       1
       2
       0
       1
       0
       1
       0
       0
       1
       0
       1
       0
       0
       0
       1
       1
       1
       0
       0
       0
       0
       2
       0
       0
       2
       1
       1
       3
       1
       0
       2
       1
       1
       1
       0
       1
       0
       2
       1
       1
       0
       2
       0
       0
       0
       1
       2
       0
       0
       0
       0
       0
       0
       3
       0
       2
       1
       1
       0
       0
       2
       5
       0
       4
       1
       7
       1
       1
       2
       0
       3
       1
       1
       1
       3
       2
       2
       3
       2
       3
       0
       4
       0
       0
       0
       2
       3
       2
       1
       5
       1
       3
       1
       4
       5
       7
       1
       7
       4
       8
       2
       5
       4
       1
       4
       5
       1
       3
       0
       1
       1
       0
       1
       1
       2
       2
       0
       2
       1
       4
       3
       1
       1
       4
       2
       3
       2
       3
       4
       3
       3
       4
       3
       3
       2
       8
       2
       6
       5
       7
       1
       6
       6
       5
       7
       6
       3
       4
       5
       7
      13
       6
       2
       4
       4
       2
       2
      14
       6
      14
       9
       9
      12
      11
       7
      12
       8
       5
       5
      11
       4
       4
       4
       5
       3
       2
       0
       3
       6
       3
       2
      10
       3
       6
      10
      10
       6
       8
       7
      10
       9
       7
       9
       7
       6
      11
       7
      13
       7
       9
       6
      19
      14
      18
      10
      16
      15
      15
       7
      19
      22
      11
      18
       7
      10
      12
      14
      23
       8
      13
       6
      13
       7
      22
       8
      17
      14
      14
       7
      16
      10
      14
      16
       9
      10
      10
       3
       7
       5
       3
       3
       9
       5
       7
       3
      15
      11
       5
      11
       9
      18
      19
      19
      26
      16
      23
      12
      15
      13
      16
      15
      21
      18
      14
      20
      31
      17
      21
      12
      21
      20
      15
       9
      12
      11
      11
      10
      14
      12
       9
      17
       9
      15
       8
      16
      23
      22
      25
      21
      29
      26
      25
      18
      24
      19
      25
      18
      22
      15
      15
      12
       9
      10
      10
       4
       8
       7
       8
      10
      16
      14
       9
       9
      23
      31
      24
      21
      31
      33
      18
      24
      30
      40
      31
      39
      31
      29
      27
      34
      30
      24
      31
      24
      26
      15
      22
      19
      23
      22
      25
      24
      12
      20
      19
      22
      28
      20
      19
      23
      34
      30
      22
      27
      18
      28
      31
      23
      29
      43
      31
      33
      23
      15
      21
      23
      17
      15
      14
      20
      18
      23
      18
      19
      18
      22
      13
      22
      22
      29
      30
      34
      39
      34
      30
      37
      37
      40
      31
      32
      38
      38
      37
      28
      28
      35
      38
      24
      37
      24
      35
      29
      35
      35
      30
      32
      19
      29
      21
      30
      33
      20
      30
      21
      36
      41
      33
      42
      36
      23
      26
      20
      24
      28
      40
      33
      28
      25
      21
      26
      19
      17
      17
      19
      22
      20
      26
      21
      23
      12
      12
      29
      33
      37
      27
      32
      40
      38
      31
      43
      48
      53
      43
      37
      51
      49
      44
      29
      37
      31
      36
      34
      37
      36
      30
      31
      27
      37
      24
      21
      27
      24
      23
      39
      36
      34
      39
      35
      27
      36
      42
      45
      37
      27
      37
      41
      49
      42
      43
      34
      29
      23
      24
      24
      14
      15
      20
      16
      17
      14
      17
      12
      16
      24
      14
      33
      33
      33
      37
      42
      43
      56
      43
      51
      43
      42
      45
      57
      48
      60
      48
      42
      39
      43
      33
      41
      36
      35
      34
      25
      46
      29
      33
      27
      36
      32
      30
      24
      21
      34
      27
      35
      37
      43
      35
      27
      41
      31
      38
      35
      50
      40
      36
      42
      27
      23
      32
      24
      19
      24
      25
      24
      15
      22
      20
      18
      25
      28
      31
      28
      38
      44
      37
      43
      44
      57
      42
      47
      50
      57
      59
      57
      47
      54
      51
      40
      56
      33
      58
      25
      29
      37
      31
      34
      31
      28
      30
      21
      24
      26
      27
      32
      25
      40
      34
      38
      51
      48
      44
      35
      44
      34
      44
      41
      51
      41
      48
      31
      37
      40
      40
      30
      24
      22
      21
      22
      18
      32
      17
      29
      26
      16
      27
      28
      50
      44
      53
      43
      51
      60
      44
      61
      49
      55
      44
      71
      55
      59
      71
      44
      57
      44
      47
      45
      35
      28
      33
      31
      41
      45
      32
      38
      38
      46
      38
      37
      44
      34
      38
      33
      50
      43
      50
      36
      48
      39
      38
      28
      36
      40
      48
      32
      42
      36
      47
      41
      24
      22
      27
      20
      32
      26
      33
      25
      30
      23
      22
      21
      42
      45
      37
      41
      59
      55
      67
      66
      68
      56
      51
      44
      50
      62
      63
      41
      53
      42
      48
      44
      58
      38
      37
      51
      48
      66
      58
      58
      54
      54
      59
      55
      49
      66
      70
      55
      50
      63
      66
      43
      56
      54
      61
      50
      43
      41
      51
      31
      24
      26
      25
      14
      16
      20
      17
      17
      15
      16
      26
      14
      32
      31
      26
      44
      43
      44
      49
      55
      45
      73
      69
      49
      64
      50
      63
      60
      49
      71
      51
      53
      42
      34
      47
      45
      39
      46
      34
      31
      42
      30
      40
      33
      27
      25
      37
      35
      36
      40
      40
      49
      39
      40
      47
      40
      48
      44
      44
      38
      38
      40
      48
      39
      38
      37
      45
      38
      28
      31
      23
      27
      27
      17
      31
      26
      21
      36
      25
      30
      45
      48
      30
      56
      61
      51
      56
      58
      67
      64
      59
      60
      68
      59
      59
      67
      61
      48
      55
      47
      37
      36
      37
      51
      30
      26
      34
      34
      31
      44
      40
      29
      34
      35
      41
      38
      40
      50
      56
      40
      49
      58
      59
      36
      50
      53
      64
      51
      47
      37
      45
      21
      43
      28
      33
      17
      28
      25
      32
      29
      22
      22
      27
      37
      52
      57
      57
      61
      74
      64
      54
      78
      69
      64
      54
      58
      56
      63
      56
      59
      53
      52
      54
      51
      44
      44
      47
      51
      39
      45
      43
      45
      41
      56
      44
      29
      55
      47
      37
      48
      60
      59
      45
      49
      49
      41
      48
      45
      51
      44
      64
      54
      39
      34
      36
      41
      21
      24
      29
      33
      23
      27
      33
      28
      26
      34
      23
      28
      44
      52
      49
      64
      59
      74
      68
      76
      68
      64
      81
      64
      56
      68
      64
      64
      63
      54
      47
      57
      51
      45
      62
      42
      54
      41
      44
      36
      36
      51
      33
      61
      26
      55
      52
      48
      40
      59
      53
      54
      53
      55
      36
      47
      59
      67
      47
      45
      32
      34
      32
      36
      23
      23
      29
      31
      14
      26
      27
      21
      25
      23
      33
      42
      52
      38
      36
      43
      64
      54
      61
      68
      65
      65
      52
      58
      53
      62
      59
      61
      49
      43
      47
      45
      33
      48
      58
      52
      49
      40
      46
      35
      43
      44
      47
      37
      49
      39
      32
      32
      53
      49
      46
      54
      58
      44
      36
      47
      55
      55
      57
      46
      46
      32
      40
      36
      38
      31
      29
      39
      29
      23
      25
      23
      28
      34
      38
      28
      57
      41
      57
      49
      66
      66
      72
      57
      59
      56
      78
      66
      52
      69
      55
      56
      45
      38
      51
      39
      44
      34
      45
      32
      35
      37
      29
      24
      28
      29
      26
      44
      37
      35
      40
      39
      51
      56
      55
      43
      46
      60
      58
      60
      52
      55
      57
      54
      31
      36
      37
      31
      34
      25
      37
      32
      27
      24
      27
      30
      17
      20
      32
      39
      42
      45
      32
      58
      46
      51
      56
      64
      72
      68
      72
      49
      55
      73
      45
      64
      58
      49
      63
      47
      57
      44
      42
      37
      54
      60
      40
      46
      47
      48
      47
      40
      41
      34
      40
      23
      34
      53
      57
      39
      45
      40
      40
      52
      63
      37
      57
      47
      35
      36
      29
      38
      27
      31
      30
      30
      22
      27
      24
      24
      25
      24
      25
      43
      53
      52
      40
      48
      60
      60
      51
      63
      70
      54
      56
      68
      43
      66
      51
      43
      51
      50
      60
      43
      51
      44
      45
      59
      50
      42
      56
      49
      35
      54
      54
      44
      67
      51
      56
      43
      58
      36
      41
      43
      36
      40
      59
      34
      61
      49
      37
      42
      29
      35
      32
      31
      25
      18
      18
      18
      28
      19
      28
      19
      27
      27
      14
      45
      52
      56
      33
      50
      49
      62
      41
      52
      52
      62
      75
      69
      67
      52
      54
      48
      37
      31
      35
      42
      43
      34
      35
      47
      50
      23
      35
      36
      33
      33
      36
      46
      33
      41
      27
      41
      55
      28
      35
      42
      50
      44
      47
      56
      46
      43
      44
      38
      26
      37
      25
      37
      20
      30
      22
      22
      25
      29
      15
      41
      29
      28
      26
      39
      49
      46
      33
      32
      50
      51
      54
      60
      65
      70
      59
      58
      60
      61
      49
      53
      47
      51
      52
      47
      40
      44
      27
      30
      41
      32
      32
      37
      27
      22
      27
      39
      40
      37
      38
      31
      28
      39
      47
      40
      39
      39
      34
      40
      44
      55
      33
      37
      30
      35
      39
      38
      22
      34
      19
      32
      19
      25
      23
      29
      26
      25
      20
      42
      53
      41
      45
      56
      39
      44
      54
      67
      74
      56
      53
      70
      40
      38
      50
      50
      34
      45
      39
      30
      42
      39
      37
      41
      32
      47
      40
      41
      40
      48
      47
      52
      37
      35
      35
      38
      52
      39
      41
      42
      36
      40
      43
      33
      43
      50
      47
      41
      29
      36
      22
      38
      17
      37
      25
      34
      29
      26
      30
      24
      28
      24
      22
      37
      41
      38
      41
      42
      47
      38
      55
      53
      63
      53
      52
      60
      46
      58
      52
      66
      39
      44
      46
      46
      39
      37
      40
      48
      44
      34
      41
      48
      23
      39
      43
      37
      40
      42
      34
      40
      35
      42
      41
      42
      36
      41
      55
      41
      40
      49
      52
      49
      30
      25
      34
      38
      18
      18
      17
      25
      26
      27
      27
      20
      14
      27
      21
      37
      48
      34
      42
      44
      40
      49
      49
      39
      64
      49
      52
      51
      43
      55
      49
      39
      36
      42
      40
      37
      20
      25
      35
      36
      33
      23
      33
      26
      27
      32
      33
      41
      25
      32
      30
      32
      32
      38
      39
      29
      43
      35
      51
      42
      36
      34
      39
      35
      29
      38
      32
      24
      29
      27
      28
      26
      21
      24
      19
      28
      18
      29
      18
      32
      37
      34
      36
      39
      36
      46
      44
      55
      45
      42
      54
      54
      46
      55
      42
      55
      34
      32
      36
      41
      33
      37
      32
      32
      32
      32
      30
      31
      39
      30
      28
      35
      34
      31
      30
      34
      34
      33
      40
      40
      32
      45
      31
      46
      40
      48
      39
      34
      20
      27
      26
      34
      12
      17
      21
      24
      25
      15
      18
      23
      10
      23
      25
      35
      42
      20
      37
      42
      41
      38
      41
      53
      58
      51
      45
      52
      48
      42
      47
      42
      39
      38
      30
      26
      36
      26
      32
      29
      29
      22
      35
      40
      26
      32
      28
      21
      25
      27
      28
      29
      30
      30
      38
      39
      26
      29
      23
      42
      38
      34
      36
      34
      24
      27
      31
      21
      14
      21
      18
      25
      28
      17
      19
      19
      19
      19
      22
      24
      31
      23
      36
      40
      38
      38
      42
      45
      50
      45
      46
      49
      42
      40
      51
      54
      27
      23
      50
      35
      29
      41
      38
      39
      28
      35
      39
      27
      24
      35
      21
      37
      40
      41
      38
      30
      37
      26
      40
      29
      25
      28
      37
      33
      36
      32
      32
      27
      22
      23
      25
      22
      14
      28
      19
      12
      14
      21
      20
      15
      16
      22
      13
      25
      36
      29
      26
      39
      38
      37
      37
      40
      47
      36
      41
      46
      43
      35
      47
      39
      25
      40
      22
      36
      28
      28
      34
      31
      22
      31
      26
      23
      24
      33
      30
      24
      17
      28
      19
      28
      27
      27
      27
      29
      39
      32
      29
      22
      41
      29
      38
      27
      16
      20
      17
      21
      15
      24
      24
      11
      24
      14
      18
      18
       8
      20
      22
      19
      25
      35
      33
      37
      33
      37
      41
      34
      38
      41
      47
      37
      45
      34
      35
      39
      32
      32
      31
      29
      34
      19
      26
      25
      18
      25
      31
      30
      14
      20
      20
      30
      21
      19
      29
      33
      28
      35
      28
      25
      25
      31
      23
      26
      35
      31
      33
      29
      30
      30
      21
      15
      10
      18
      19
      19
      25
      11
      15
      17
      17
      17
      14
      18
      34
      23
      31
      28
      39
      39
      48
      37
      40
      39
      49
      47
      31
      48
      40
      34
      32
      21
      22
      34
      32
      31
      14
      27
      19
      31
      13
      31
      26
      28
      22
      22
      30
      26
      24
      26
      21
      33
      22
      15
      25
      35
      19
      30
      35
      28
      37
      30
      15
      28
      23
      19
      17
      13
      19
      14
      19
      16
      19
      15
      15
      13
      13
      15
      22
      20
      32
      19
      30
      27
      38
      33
      30
      32
      40
      21
      30
      35
      22
      41
      30
      34
      26
      29
      29
      30
      13
      28
      29
      28
      17
      25
      21
      23
      22
      14
      29
      21
      22
      24
      27
      29
      22
      20
      28
      24
      26
      25
      30
      27
      24
      19
      10
       9
      18
      20
      13
      15
      21
      10
      13
       7
      19
      10
      11
      12
      18
      26
      21
      34
      30
      28
      26
      22
      35
      29
      38
      37
      26
      30
      25
      31
      26
      22
      13
      27
      26
      28
      27
      19
      25
      22
      24
      26
      26
      30
      21
      17
      22
      20
      21
      27
      23
      18
      18
      19
      31
      20
      33
      20
      19
      23
      29
      20
      24
      17
      14
      13
      14
      19
      17
       7
      14
      12
       7
      12
      13
      11
       8
       8
      20
      27
      21
      30
      24
      28
      30
      28
      33
      31
      23
      31
      18
      35
      38
      27
      23
      26
      23
      23
      21
      27
      23
      25
      23
      25
      21
      29
      22
      22
      13
      16
      20
      22
      20
      31
      20
      11
      21
      20
      20
      23
      18
      18
      22
      20
      31
      25
      28
      23
      22
      17
      16
      13
      12
      16
      12
      13
      14
      15
      11
      11
      13
      14
      13
      24
      20
      25
      18
      33
      27
      20
      26
      37
      17
      26
      27
      30
      30
      45
      35
      25
      25
      28
      25
      25
      20
      21
      12
      21
      21
      20
      27
      22
      21
      21
      25
      23
      20
      15
      17
      19
      20
      24
      22
      23
      19
      25
      18
      20
      35
      17
      25
      21
      28
      17
      16
      17
      16
      10
      10
      12
      14
       7
      21
      10
      13
      12
      10
      13
      19
      16
      24
      25
      23
      23
      26
      25
      24
      22
      25
      25
      19
      27
      25
      28
      24
      22
      17
      33
      22
      18
      15
      16
      21
      12
      20
      21
      34
      18
      12
      23
      23
      25
      26
      19
      20
      24
      22
      19
      22
      18
      20
      23
      26
      20
      30
      20
      11
      17
      23
      10
      15
       6
      11
       7
       7
       7
       9
       8
      12
      14
      13
      15
      18
      15
       9
      21
      29
      18
      23
      21
      23
      21
      28
      23
      24
      28
      13
      20
      15
      20
      18
      26
      20
      15
      20
      17
      17
      14
      12
      17
      22
      16
      13
      18
      17
      14
      18
      18
      29
      12
      18
      20
      20
      18
      20
      21
      17
      15
      15
      14
      10
      11
       8
      14
      12
      13
      12
      16
      17
      15
       7
       6
      11
       7
      13
      14
      18
      17
      19
      20
      22
      26
      25
      22
      24
      19
      21
      22
      22
      19
      22
      17
      13
      20
      17
      14
      19
      18
      12
      21
      14
      17
      18
      18
      10
       7
      15
      10
      13
      16
      21
      13
      15
      16
      16
      20
      21
      20
      16
      11
      22
      19
      19
      14
       8
      21
       9
      13
      13
       5
      13
      15
      11
      12
      11
      13
       9
       8
       9
      12
      15
      19
      16
      11
      20
      20
      15
      15
      24
      22
      25
      23
      21
      18
      17
      12
      14
      14
      14
      11
      17
      23
       6
      21
      23
      12
      14
      12
      17
      20
      12
      11
      22
      10
      22
      13
      16
      20
      20
      20
      14
      14
      13
      17
      21
      18
      18
      10
      12
      15
      12
      16
       8
      11
      11
       5
      11
      10
       9
       8
       9
       5
      10
      11
      23
       9
      21
      14
      21
      21
      18
      25
      21
      18
      25
      22
      22
      28
      22
      19
      21
      19
      21
      17
      17
      13
      14
      21
      14
      15
      15
      17
      12
      13
      11
      15
      10
      17
      18
      15
      23
      19
      21
      23
      21
      16
      12
      12
      18
      16
      18
      13
      12
      12
       9
      16
       6
       7
       7
      12
       8
       9
       8
      10
       6
       9
      12
      10
      17
      18
      10
      11
      15
      20
      17
      19
      15
      23
      23
      19
      15
      17
      15
      20
      15
       5
      16
      15
      15
      19
      15
       9
      15
      10
      12
      12
      11
      15
      12
      14
       7
      11
      16
      14
      14
      15
      25
      13
      15
      18
      12
      12
      14
      18
      11
      10
       8
      17
      15
      18
       6
       8
       9
       9
       9
      11
       7
       6
       5
       7
       7
      16
      15
      10
      19
      15
      19
      23
      23
      20
      23
      19
      17
      13
      12
      14
      12
      19
      11
      16
      14
      12
      11
      15
      18
      21
       7
       8
      10
      12
      13
      17
       4
      15
       7
       9
      14
      14
       9
      12
      15
      21
       8
      13
      14
      14
      13
      15
      20
      11
      10
      10
      10
       7
      10
       9
       7
       7
      11
       8
       7
      11
       9
       4
      10
      14
      17
      13
       8
      15
      21
      19
      19
      19
      20
      17
      19
      13
      20
      19
      15
      22
       9
      14
      13
      17
      19
      10
       4
      19
       8
       9
      14
      14
      16
      11
      14
      15
      16
       3
      10
      12
      14
      15
      11
      23
      16
      15
      10
      20
      14
       8
      21
      16
       8
       9
      13
       9
      10
       9
       8
       7
      10
       5
      12
      15
      10
       6
      10
       7
      11
      10
      16
      19
      13
      13
$ROI:
4
1262 1288
1308 1350
2342 2386
2667 2708
$PRESETS:
None
0
0
$ENER_FIT:
-0.203221 0.496058
$MCA_CAL:
3
-2.032215E-001 4.960577E-001 1.819187E-007 keV
$SHAPE_CAL:
3
2.673912E+000 4.111735E-005 1.880620E-007
